00000
00000
00000
00000
,
00000
00000
00000
00000
,
00000
00000
00000
00000
,
00000
00000
00000
00000
,
00001
00000
00000
00000
00001
00000
00000
00000
00001
00000
00000
00000
00100
00001
00100
00001
,
10000
00000
10000
00000
10000
00000
00100
10000
,
00010
00000
00000
00000
00010
00000
00000
00000
00010
00000
00000
00000
00100
00010
00100
00010
,
01000
01000
01000
01010
,
00000
00000
00000
00000
,
00000
00000
00000
00000
,
00000
00000
00000
00000
,
00000
00000
00000
00000
,
00002
00000
00003
00200
00300
00010
00100
00001
20000
00000
30000
00200
00300
01000
00100
10000
,
00002
00000
00003
00200
00300
00010
00100
00001
20000
30000
00100
01000
00020
00030
00100
00001
,
20000
00000
30000
00200
00300
01000
00100
10000
00002
00000
00003
00200
00300
00010
00100
00001
,
20000
00000
30000
00200
00300
01000
00100
10000
00002
00003
00100
00010
02000
03000
00100
10000
,
00002
00000
00003
02000
03000
00010
00100
00001
20000
00000
30000
00020
00030
01000
00100
10000
,
00002
00000
00003
02000
03000
00010
00100
00001
20000
30000
00010
00100
00002
00003
01000
00100
,
20000
00000
30000
00020
00030
01000
00100
10000
00002
00000
00003
02000
03000
00010
00100
00001
,
20000
00000
00000
00000
00000
00000
30000
00000
00000
00020
00000
00000
00030
00000
00000
01000
00000
00000
00100
00000
00000
10000
00000
00000
00001
00000
00000
00000
00100
00000
00000
00000
00001
00000
00000
00000
10000
00000
00000
00000
00100
00000
00000
00000
10000
00000
00000
00000
,
00010
01000
01010
00100
20002
30003
01000
00100
,
01100
00000
00000
00000
00101
00000
00000
00000
01000
00000
00010
00000
00100
00001
10000
00100
,
02000
00000
00100
03000
00002
00000
00100
00003
20000
00000
00000
30000
00010
00000
00100
00000
,
00001
00000
10000
00000
00100
00000
01000
00000
00010
00000
00100
00000
00001
10000
00100
01000
,
00010
10000
10010
00100
02002
03003
00010
00100
,
00110
00000
00000
00000
10100
00000
00000
00000
00010
00000
01000
00000
00100
10000
00001
00100
,
00020
00000
00100
00030
20000
00000
00100
30000
00002
00000
00000
00003
00010
00000
00100
00000
,
01000
00000
00000
01100
00000
00000
00010
00100
00010
01000
00100
10000
,
00001
00100
00101
10000
10010
00000
01001
00100
,
10010
00000
00000
00000
01001
00000
00000
00000
00010
00000
10000
00000
00100
01000
00010
00100
,
00001
10000
00100
00010
00002
00003
00010
00100
,
01000
00000
00001
00000
00100
00000
01000
00000
10000
00000
00100
00000
01000
00010
00100
00001
,
10000
00100
10100
00001
01001
00000
10010
00100
,
01001
00000
00000
00000
10010
00000
00000
00000
01000
00000
00001
00000
00100
00010
01000
00100
,
10000
00001
00100
01000
20000
30000
01000
00100
,
00110
01100
00101
10100
,
00001
00100
00010
01000
00100
10000
00001
00100
00020
00000
00000
00030
00200
00300
00002
00003
,
10000
00100
01000
00010
00100
00001
10000
00100
02000
00000
00000
03000
00020
00030
00200
00300
,
00002
00003
20000
30000
00200
00300
00020
00030
00002
00000
00000
00003
00020
00030
00200
00300
,
20000
30000
00002
00003
00200
00300
02000
03000
20000
00000
00000
30000
02000
03000
00200
00300
,
00010
00100
00001
10000
00100
01000
00010
00100
00002
00000
00000
00003
00200
00300
00020
00030
,
01000
00100
10000
00001
00100
00010
01000
00100
20000
00000
00000
30000
02000
03000
00200
00300
,
00002
00003
20000
30000
00200
00300
00020
00030
00002
00000
00000
00003
00020
00030
00200
00300
,
20000
00000
00000
30000
00000
00000
00002
00000
00000
00003
00000
00000
00200
00000
00000
00300
00000
00000
02000
00000
00000
03000
00000
00000
10000
00000
00000
00000
00100
00000
00000
00000
01000
00000
00000
00000
00010
00000
00000
00000
00100
00000
00000
00000
00001
00000
00000
00000
,
10000
00100
01000
10000
00100
10000
01000
00100
10000
00001
00100
00010
01000
00100
10000
00001
,
00100
00010
00001
00100
00001
00010
00100
00001
10000
00100
01000
00010
00100
00001
00010
00100
,
01000
00010
00100
00001
10000
00100
01000
00100
10000
00001
00100
00010
01000
00100
10000
01000
,
00100
00010
01000
00100
10000
00001
00100
01000
20000
30000
00200
00300
02000
00000
00000
03000
,
00001
00100
00010
00001
00100
00001
00010
00100
00001
10000
00100
01000
00010
00100
00001
10000
,
00100
01000
10000
00100
10000
01000
00100
10000
00001
00100
00010
01000
00100
10000
01000
00100
,
00010
01000
00100
10000
00001
00100
00010
00100
00001
10000
00100
01000
00010
00100
00001
00010
,
00100
00000
00000
01000
00000
00000
00010
00000
00000
00100
00000
00000
00001
00000
00000
10000
00000
00000
00100
00000
00000
00010
00000
00000
00001
00000
00000
00000
00100
00000
00000
00000
00010
00000
00000
00000
01000
00000
00000
00000
00100
00000
00000
00000
10000
00000
00000
00000
,
00002
00000
00000
00000
02200
03303
00000
00000
,
20000
00000
00000
00000
00220
30330
00000
00000
,
00002
00000
00000
00000
02200
03303
00000
00000
,
20000
00000
00000
00000
00220
30330
00000
00000
,
00002
00000
00000
00000
00220
00333
00000
00000
,
20000
00000
00000
00000
02200
33300
00000
00000
,
00020
00000
00000
00000
00202
00333
00000
00000
,
02000
00000
00000
00000
20200
33300
00000
00000
,
00002
00003
00200
00300
00020
00000
00000
00030
00002
00003
00200
00300
00002
00003
00020
00030
,
02000
03000
20000
30000
00200
00000
00000
00300
20000
30000
02000
03000
00200
00300
20000
30000
,
00002
00003
00200
00300
00020
00000
00000
00030
00002
00003
00200
00300
00002
00003
00020
00030
,
02000
03000
20000
30000
00200
00000
00000
00300
20000
30000
02000
03000
00200
00300
20000
30000
,
00002
00003
00200
00300
02000
00000
00000
03000
20000
30000
00200
00300
02000
03000
00020
00030
,
00200
00300
00002
00003
20000
00000
00000
30000
00200
00300
00020
00030
00002
00003
00200
00300
,
00020
00030
02000
03000
00200
00000
00000
00300
20000
30000
02000
03000
00200
00300
00020
00000
,
01030
00000
10101
01110
,
20000
00000
30000
00200
00300
01000
00100
10000
00002
00000
00003
00200
00300
00010
00100
00001
,
20000
00000
30000
00200
00300
01000
00100
10000
00002
00003
00100
00010
02000
03000
00100
10000
,
00002
00000
00003
00200
00300
00010
00100
00001
20000
00000
30000
00200
00300
01000
00100
10000
,
00002
00000
00003
00200
00300
00010
00100
00001
20000
30000
00100
01000
00020
00030
00100
00001
,
20000
00000
30000
00020
00030
01000
00100
10000
00002
00000
00003
02000
03000
00010
00100
00001
,
20000
00000
30000
00020
00030
01000
00100
10000
00002
00003
00100
00010
02000
03000
00100
10000
,
00002
00000
00003
02000
03000
00010
00100
00001
20000
00000
30000
00020
00030
01000
00100
10000
,
00002
00000
00000
00000
00000
00000
00003
00000
00000
02000
00000
00000
03000
00000
00000
00010
00000
00000
00100
00000
00000
00001
00000
00000
10000
00000
00000
00000
00100
00000
00000
00000
01000
00000
00000
00000
00010
00000
00000
00000
00100
00000
00000
00000
00001
00000
00000
00000
,
10000
01000
00100
00010
02020
03030
10000
00100
,
01001
00000
00000
00000
10010
00000
00000
00000
01000
00000
00010
00000
00100
00001
10000
00100
,
02000
00000
00100
03000
00020
00000
00100
00030
20000
00000
00000
30000
00001
00000
00100
00000
,
00010
00000
00100
00000
01000
00000
00100
00000
00001
00000
00100
00000
10000
01000
00100
00010
,
00001
00100
00010
01000
02020
03030
00001
00100
,
10010
00000
00000
00000
01001
00000
00000
00000
00010
00000
01000
00000
00100
10000
00001
00100
,
00020
00000
00100
00030
02000
00000
00100
03000
00002
00000
00000
00003
01000
00000
00100
00000
,
10000
00000
00000
10010
00000
00000
01000
00100
10000
00001
00100
00010
,
01000
10000
00100
00001
20002
30003
10010
00100
,
01001
00000
00000
00000
10010
00000
00000
00000
00001
00000
10000
00000
00100
01000
00010
00100
,
00001
10000
00100
00010
00002
00003
10000
00100
,
01000
00000
00100
00000
00010
00000
00100
00000
10000
00000
00100
00000
00001
00010
00100
01000
,
10000
00100
01000
00010
02020
03030
01001
00100
,
10010
00000
00000
00000
01001
00000
00000
00000
10000
00000
00001
00000
00100
00010
01000
00100
,
10000
00001
00100
01000
20000
30000
01000
00100
,
10010
01001
10010
01001
,
10000
00100
01000
00010
00100
00001
10000
00100
02000
00000
00000
03000
00200
00300
20000
30000
,
00001
00100
00010
01000
00100
10000
00001
00100
00020
00000
00000
00030
02000
03000
00200
00300
,
20000
30000
00002
00003
00200
00300
02000
03000
20000
00000
00000
30000
02000
03000
00200
00300
,
00002
00003
20000
30000
00200
00300
00020
00030
00002
00000
00000
00003
00020
00030
00200
00300
,
01000
00100
10000
00001
00100
00010
01000
00100
20000
00000
00000
30000
00200
00300
02000
03000
,
00010
00100
00001
10000
00100
01000
00010
00100
00002
00000
00000
00003
00020
00030
00200
00300
,
20000
30000
00002
00003
00200
00300
02000
03000
20000
00000
00000
30000
02000
03000
00200
00300
,
00002
00000
00000
00003
00000
00000
20000
00000
00000
30000
00000
00000
00200
00000
00000
00300
00000
00000
00020
00000
00000
00030
00000
00000
00001
00000
00000
00000
00100
00000
00000
00000
00010
00000
00000
00000
01000
00000
00000
00000
00100
00000
00000
00000
10000
00000
00000
00000
,
00001
00100
00010
01000
00100
10000
00001
00100
01000
10000
00100
01000
00010
00100
00001
10000
,
00100
00010
00001
00100
00010
01000
00100
10000
00001
00100
01000
10000
00100
01000
00010
00100
,
00001
10000
00100
01000
10000
00100
10000
01000
00100
10000
00001
00100
01000
10000
00100
01000
,
00010
00100
00001
00010
00100
10000
01000
00100
00020
00030
02000
03000
00200
00000
00000
00300
,
01000
00100
10000
00001
00100
00010
00001
00100
10000
00001
00100
00010
01000
00100
00010
00001
,
00100
00010
01000
00100
10000
00001
00100
01000
10000
00100
01000
00010
00100
00001
00010
00100
,
01000
00010
00100
00001
10000
00100
00010
00001
00100
10000
01000
00100
10000
00001
00100
01000
,
10000
00100
00001
00010
01000
10000
00100
00001
00010
00000
00000
00000
00011
00000
00000
00000
,
00002
00003
02000
03000
00020
00030
00002
00003
00200
00000
00000
00300
00002
00003
00020
00030
,
00200
00300
00002
00003
20000
30000
00020
00030
02000
00000
00000
03000
20000
30000
00200
00300
,
20000
30000
02000
03000
00200
00300
20000
30000
00002
00000
00000
00003
02000
03000
00020
00030
,
00002
00003
00200
00300
00002
00003
00020
00030
02000
00000
00000
03000
20000
30000
00200
00300
,
00002
00003
20000
30000
00200
00300
00020
00030
00002
00000
00000
00003
00020
00030
00200
00300
,
20000
30000
00002
00003
00200
00300
02000
03000
20000
00000
00000
30000
02000
03000
00200
00300
,
00020
00030
20000
30000
00200
00300
00020
00030
00002
00000
00000
00003
00020
00030
00200
00300
,
02000
03000
00002
00003
00200
00300
02000
03000
20000
00000
00000
30000
00020
00030
02000
03000
,
02202
03303
02202
03303
02202
03303
02202
03303
02202
03300
00000
00003
00002
00003
00002
00003
,
20202
30303
20202
30303
20202
30303
20202
30303
20202
00303
00000
30000
20000
30000
20000
30000
,
20220
30330
20220
30330
20220
30330
20220
30330
20220
30300
00000
00030
00020
00030
00020
00030
,
02220
03330
02220
03330
02220
03330
02220
03330
02220
03030
00000
00300
00200
00300
00200
00300
,
02202
03303
02202
03303
02202
03303
02202
03303
02202
03003
00000
00300
00200
00300
00200
00300
,
20220
30330
20220
30330
20220
30330
20220
30330
20220
30030
00000
00300
00200
00300
00200
00300
,
22200
03300
02200
33000
22000
30300
20200
03300
02200
00000
00000
33000
22000
30300
20200
03300
,
02200
33000
22000
30300
20200
03300
02200
33000
22000
00000
00000
00000
33300
00000
00000
00000
,
00000
00000
00000
00000
,
00000
00000
00000
00000
,
00000
00000
00000
00000
,
00000
00000
00000
00000
,
00000
00000
00000
00000
,
00000
00000
00000
00000
,
00000
00000
00000
00000
,
00000
00000
00000
00000
,
00000
00000
00000
02020
00000
00000
00000
00000
00000
00000
00000
00000
00000
00000
00000
03030
00000
00000
00000
00000
00000
00000
00000
00000
00000
00000
00000
00000
00000
00000
00000
00000
;
