00000
00000
00000
00000
,  // measure 1
00000
00000
00000
00000
,  // measure 2
00000
00000
00000
00000
,  // measure 3
00000
00000
00000
00000
,  // measure 4
20000
00000
00000
00000
00000
00000
00000
30000
00000
00000
00000
00000
00000
00000
00000
00000
,  // measure 5
00002
00000
00000
00003
00000
00000
00000
00000
02000
00000
00000
03000
00000
00000
00020
00000
,  // measure 6
00000
00000
00000
00030
00000
00000
00000
00000
00000
00000
00000
00000
00000
00000
00000
00000
,  // measure 7
00200
00000
00000
00000
00000
00300
00000
00000
,  // measure 8
00000
00000
00100
00100
00100
10001
00000
01001
,  // measure 9
10010
01001
00000
01001
00000
10010
01001
10010
,  // measure 10
01001
00000
00100
00100
00100
01010
00000
10010
,  // measure 11
01001
10010
00000
10010
00000
01001
10010
01001
,  // measure 12
10010
00000
00100
00100
00100
01001
00000
00000
,  // measure 13
01001
00000
01000
00100
10000
10010
00000
00000
,  // measure 14
10010
00000
00010
00100
00001
01001
00000
00000
,  // measure 15
01001
00000
01000
00100
20000
30000
01000
00100
,  // measure 16
00010
01000
00000
01010
00000
10001
00000
10010
,  // measure 17
01001
10010
00000
10010
00000
01001
10010
01001
,  // measure 18
10010
00000
00100
00100
00100
10001
00000
01001
,  // measure 19
10010
01001
00000
01001
00000
10010
01001
10010
,  // measure 20
01001
00000
00100
00100
00100
10010
00000
00000
,  // measure 21
10010
00000
00010
00100
00001
01001
00000
00000
,  // measure 22
01001
00000
01000
00100
10000
10010
00000
00000
,  // measure 23
10010
00000
00010
00100
00002
00003
00010
00100
,  // measure 24
01000
00010
00000
01010
00000
10001
00000
00000
,  // measure 25
00000
01010
00000
00000
00000
00011
00000
10001
,  // measure 26
00000
11000
00000
10001
00000
02000
00000
03000
,  // measure 27
00000
00000
00020
00000
00000
00000
00030
00000
00000
00000
20000
00002
00000
00000
00000
00000
,  // measure 28
00000
00000
00000
00000
00000
00000
00000
00000
00000
30003
00000
00000
00000
00000
00000
00000
00000
00000
10001
00000
00000
00000
00000
00000
00000
00000
00000
00000
00000
00000
10000
00100
00010
00000
00000
00000
00000
00000
00000
00000
00000
00000
00001
00100
01000
00000
00000
00000
,  // measure 29
00000
00000
00000
00000
00000
00000
10000
00100
00010
00000
00000
00000
00000
00000
00000
00000
00000
00000
00001
00100
01000
00000
00000
00000
00000
00000
00000
00000
00000
00000
10000
00100
00010
00000
00000
00000
00000
00000
00000
00000
00000
00000
00010
00100
01000
00000
00000
00000
,  // measure 30
00000
00000
00000
00000
00000
00000
01000
00100
00001
00000
00000
00000
00000
00000
00000
00000
00000
00000
00001
00100
10000
00000
00000
00000
00000
00000
00000
00000
00000
00000
10000
00100
00010
00000
00000
00000
00000
00000
00000
00000
00000
00000
00001
00100
01000
00000
00000
00000
,  // measure 31
00000
00000
00000
00000
00000
00000
10000
00100
00010
00000
00000
00000
00000
00000
00000
00000
00000
00000
00001
00100
01000
00000
00000
00000
00000
00000
00000
00000
00000
00000
01000
00100
00010
00000
00000
00000
00000
00000
00000
00000
00000
00000
00010
00100
10000
00000
00000
00000
,  // measure 32
00000
00000
00000
00000
00000
00000
10000
00100
00001
00000
00000
00000
00000
00000
00000
00000
00000
00000
00001
00100
10000
00000
00000
00000
00000
00000
00000
00000
00000
00000
10000
00100
00010
00000
00000
00000
00000
00000
00000
00000
00000
00000
00001
00100
01000
00000
00000
00000
,  // measure 33
00000
00000
00000
00000
00000
00000
10000
00100
00010
00000
00000
00000
00000
00000
00000
00000
00000
00000
00001
00100
01000
00000
00000
00000
00000
00000
00000
00000
00000
00000
10000
00100
00010
00000
00000
00000
00000
00000
00000
00000
00000
00000
00010
00100
01000
00000
00000
00000
,  // measure 34
00000
00000
00000
00000
00000
00000
01000
00100
00001
00000
00000
00000
00000
00000
00000
00000
00000
00000
00001
00100
10000
00000
00000
00000
00000
00000
00000
00000
00000
00000
02100
00000
00000
00000
00000
00000
00000
00000
00000
00000
00000
00000
03001
00000
00000
00000
00000
00000
,  // measure 35
00000
00120
00000
10030
00000
01100
00000
01001
,  // measure 36
00101
00000
00000
00000
00000
00000
00000
00000
00000
00000
00000
00000
10001
00000
00000
00000
00000
00000
00000
00000
00000
00000
00000
00000
00000
00000
00000
00000
00000
00000
10000
00100
00010
00000
00000
00000
00000
00000
00000
00000
00000
00000
00001
00100
01000
00000
00000
00000
,  // measure 37
00000
00000
00000
00000
00000
00000
10000
00100
00010
00000
00000
00000
00000
00000
00000
00000
00000
00000
00001
00100
01000
00000
00000
00000
00000
00000
00000
00000
00000
00000
10000
00100
00010
00000
00000
00000
00000
00000
00000
00000
00000
00000
00010
00100
01000
00000
00000
00000
,  // measure 38
00000
00000
00000
00000
00000
00000
01000
00100
00001
00000
00000
00000
00000
00000
00000
00000
00000
00000
00001
00100
10000
00000
00000
00000
00000
00000
00000
00000
00000
00000
10000
00100
00010
00000
00000
00000
00000
00000
00000
00000
00000
00000
00001
00100
01000
00000
00000
00000
,  // measure 39
00000
00000
00000
00000
00000
00000
10000
00100
00010
00000
00000
00000
00000
00000
00000
00000
00000
00000
00001
00100
01000
00000
00000
00000
00000
00000
00000
00000
00000
00000
01000
00100
00010
00000
00000
00000
00000
00000
00000
00000
00000
00000
00010
00100
10000
00000
00000
00000
,  // measure 40
00000
00000
00000
00000
00000
00000
10000
00100
00001
00000
00000
00000
00000
00000
00000
00000
00000
00000
00001
00100
10000
00000
00000
00000
00000
00000
00000
00000
00000
00000
10000
00100
00010
00000
00000
00000
00000
00000
00000
00000
00000
00000
00001
00100
01000
00000
00000
00000
,  // measure 41
00000
00000
00000
00000
00000
00000
10000
00100
00010
00000
00000
00000
00000
00000
00000
00000
00000
00000
00001
00100
01000
00000
00000
00000
00000
00000
00000
00000
00000
00000
10000
00100
00010
00000
00000
00000
00000
00000
00000
00000
00000
00000
00010
00100
01000
00000
00000
00000
,  // measure 42
00000
00000
00000
00000
00000
00000
01000
00100
00001
00000
00000
00000
00000
00000
00000
00000
00000
00000
00001
00100
10000
00000
00000
00000
00000
00000
00000
00000
00000
00000
02100
00000
00000
00000
00000
00000
00000
00000
00000
00000
00000
00000
03001
00000
00000
00000
00000
00000
,  // measure 43
00000
00120
00000
10030
00000
01100
00000
01001
,  // measure 44
00101
00000
10001
00000
00000
02100
00000
03001
,  // measure 45
00000
00120
00000
10030
00000
01100
00000
01001
,  // measure 46
00101
00000
10001
00000
00000
20200
30300
00202
,  // measure 47
00303
00000
02200
03300
00000
00110
00000
00100
00100
00100
10001
00000
00000
00000
01001
00000
,  // measure 48
10010
01001
00000
01001
00000
10010
01001
10010
,  // measure 49
01001
00000
00100
00100
00100
01010
00000
10010
,  // measure 50
01001
10010
00000
10010
00000
01001
10010
01001
,  // measure 51
10010
00000
00100
00100
00100
01001
00000
00000
,  // measure 52
01001
00000
01000
00100
10000
10010
00000
00000
,  // measure 53
10010
00000
00010
00100
00001
01001
00000
00000
,  // measure 54
01001
00000
01000
00100
20000
30000
01000
00100
,  // measure 55
00010
01000
00000
01010
00000
00002
00000
00003
,  // measure 56
00000
00000
20000
00000
00000
00000
30000
00000
00000
00000
00020
02000
00000
00000
00000
00000
,  // measure 57
00000
00000
00000
00000
00000
00000
00000
00000
00000
03030
00000
00000
00000
00000
00000
00000
00000
00000
01010
00000
00000
00000
00000
00000
00000
00000
00000
00000
00000
00000
10000
00100
00010
00000
00000
00000
00000
00000
00000
00000
00000
00000
00001
00100
01000
00000
00000
00000
,  // measure 58
00000
00000
00000
00000
00000
00000
10000
00100
00010
00000
00000
00000
00000
00000
00000
00000
00000
00000
00001
00100
01000
00000
00000
00000
00000
00000
00000
00000
00000
00000
10000
00100
00010
00000
00000
00000
00000
00000
00000
00000
00000
00000
00010
00100
01000
00000
00000
00000
,  // measure 59
00000
00000
00000
00000
00000
00000
01000
00100
00001
00000
00000
00000
00000
00000
00000
00000
00000
00000
00001
00100
10000
00000
00000
00000
00000
00000
00000
00000
00000
00000
10000
00100
00010
00000
00000
00000
00000
00000
00000
00000
00000
00000
00001
00100
01000
00000
00000
00000
,  // measure 60
00000
00000
00000
00000
00000
00000
10000
00100
00010
00000
00000
00000
00000
00000
00000
00000
00000
00000
00001
00100
01000
00000
00000
00000
00000
00000
00000
00000
00000
00000
01000
00100
00010
00000
00000
00000
00000
00000
00000
00000
00000
00000
00010
00100
10000
00000
00000
00000
,  // measure 61
00000
00000
00000
00000
00000
00000
10000
00100
00001
00000
00000
00000
00000
00000
00000
00000
00000
00000
00001
00100
10000
00000
00000
00000
00000
00000
00000
00000
00000
00000
10000
00100
00010
00000
00000
00000
00000
00000
00000
00000
00000
00000
00001
00100
01000
00000
00000
00000
,  // measure 62
00000
00000
00000
00000
00000
00000
10000
00100
00010
00000
00000
00000
00000
00000
00000
00000
00000
00000
00001
00100
01000
00000
00000
00000
00000
00000
00000
00000
00000
00000
10000
00100
00010
00000
00000
00000
00000
00000
00000
00000
00000
00000
00010
00100
01000
00000
00000
00000
,  // measure 63
00000
00000
00000
00000
00000
00000
01000
00100
00001
00000
00000
00000
00000
00000
00000
00000
00000
00000
00001
00100
10000
00000
00000
00000
00000
00000
00000
00000
00000
00000
20100
00000
00000
00000
00000
00000
00000
00000
00000
00000
00000
00000
30010
00000
00000
00000
00000
00000
,  // measure 64
00000
00102
00000
01003
00000
10100
00000
10010
,  // measure 65
00110
00000
01010
00000
00000
20100
00000
30010
,  // measure 66
00000
00102
00000
01003
00000
10100
00000
10010
,  // measure 67
00110
01010
00000
00000
,  // measure 68
00000
00000
00000
00000
00000
00200
00000
00000
,  // measure 69
00000
00000
00000
00000
,  // measure 70
00000
00000
00000
00000
,  // measure 71
00000
00000
00000
00000
00000
00000
00000
00000
00000
00300
00000
00000
00000
00000
00000
00000
,  // measure 72
00000
00000
10000
00100
01000
00010
00100
00010
01000
00100
10000
00001
00100
00010
02000
00000
,  // measure 73
03100
00000
00000
00000
00100
01000
00010
00100
00001
10000
00100
01000
00100
10000
00002
00000
,  // measure 74
00103
00000
00101
00101
00101
01100
00110
10100
,  // measure 75
00101
00000
01001
00000
01100
00000
10010
00000
00110
00000
01010
00000
00100
10000
00002
00000
,  // measure 76
00103
00000
00000
00000
00000
00000
00101
01000
00000
00000
00100
10000
01000
00100
00020
00000
,  // measure 77
00030
00000
00000
00000
00110
00000
10000
00100
02000
03000
00001
00010
00100
01000
00020
00000
,  // measure 78
00030
00000
02000
03000
00010
00100
00001
00010
00100
01000
00100
10000
02000
03000
00100
00001
,  // measure 79
00020
00000
00000
00000
00000
00000
00000
00000
00000
00000
00000
00000
00030
00000
00000
00000
00000
00000
00000
00000
00000
00000
00000
00000
00100
00000
00000
00000
00000
00000
00000
00000
00000
00000
00000
00000
20000
00000
00000
00000
00000
00000
00000
00000
00000
00000
00000
00000
00002
00000
00000
00000
00000
00000
00000
00000
00000
00000
00000
00000
00000
00000
00000
00000
00000
00000
00000
00000
00000
00000
00000
00000
00000
00000
00000
00000
00000
00000
00000
00000
00000
00000
00000
00000
00000
00000
00000
00000
00000
00000
30003
00000
00000
00000
00000
00000
00000
00000
00000
00000
00000
00000
00000
00000
00000
00000
00000
00000
10001
00000
00000
00000
00000
00000
00000
00000
00000
00000
00000
00000
00000
00000
00000
00000
00000
00000
00000
00000
00000
00000
00000
00000
00000
00000
00000
00000
00000
00000
00000
00000
00000
00000
00000
00000
00000
00000
00000
00000
00000
00000
00000
00000
00000
00000
00000
00000
10000
00000
00000
00000
00100
00000
00000
00000
00010
00000
00000
00000
00000
00000
00000
00000
00000
00000
00000
00000
00000
00000
00000
00000
00000
00000
00000
00000
00000
00000
00000
00000
00000
00000
00000
00000
,  // measure 80
00000
00000
00000
00001
00100
01000
00000
00000
00000
00000
00000
00000
00000
00000
00000
10000
00100
00010
00000
00000
00000
00000
00000
00000
00000
00000
00000
00001
00100
01000
00000
00000
00000
00000
00000
00000
00000
00000
00000
10000
00100
00010
00000
00000
00000
00000
00000
00000
,  // measure 81
00000
00000
00000
00010
00100
01000
00000
00000
00000
00000
00000
00000
00000
00000
00000
01000
00100
00001
00000
00000
00000
00000
00000
00000
00000
00000
00000
00001
00100
10000
00000
00000
00000
00000
00000
00000
00000
00000
00000
10000
00100
00010
00000
00000
00000
00000
00000
00000
,  // measure 82
00000
00000
00000
00001
00100
01000
00000
00000
00000
00000
00000
00000
00000
00000
00000
10000
00100
00010
00000
00000
00000
00000
00000
00000
00000
00000
00000
00001
00100
01000
00000
00000
00000
00000
00000
00000
00000
00000
00000
01000
00100
00010
00000
00000
00000
00000
00000
00000
,  // measure 83
00000
00000
00000
00010
00100
10000
00000
00000
00000
00000
00000
00000
00000
00000
00000
10000
00100
00001
00000
00000
00000
00000
00000
00000
00000
00000
00000
00001
00100
10000
00000
00000
00000
00000
00000
00000
00000
00000
00000
10000
00100
00010
00000
00000
00000
00000
00000
00000
,  // measure 84
00000
00000
00000
00001
00100
01000
00000
00000
00000
00000
00000
00000
00000
00000
00000
10000
00100
00010
00000
00000
00000
00000
00000
00000
00000
00000
00000
00001
00100
01000
00000
00000
00000
00000
00000
00000
00000
00000
00000
10000
00100
00010
00000
00000
00000
00000
00000
00000
,  // measure 85
00000
00000
00000
00010
00100
01000
00000
00000
00000
00000
00000
00000
00000
00000
00000
01000
00100
00001
00000
00000
00000
00000
00000
00000
00000
00000
00000
00001
00100
10000
00000
00000
00000
00000
00000
00000
00000
00000
00000
02100
00000
00000
00000
00000
00000
00000
00000
00000
,  // measure 86
00000
03001
00000
00000
00000
00120
00000
00000
00000
10030
00000
00000
00000
01100
00000
00000
,  // measure 87
00000
01001
00000
00101
00000
00000
00000
10001
00000
10000
00001
00100
00010
01000
00100
20000
,  // measure 88
30000
01000
00100
00020
00030
01000
00100
20000
30000
01000
00100
00020
00030
01000
00000
00100
,  // measure 89
00000
10000
00000
00001
00000
10001
00000
00000
00000
01010
00000
00000
00000
00010
00100
00002
,  // measure 90
00003
00010
00100
02000
03000
00010
00100
00002
00003
00010
00100
01000
00000
00100
00000
10000
,  // measure 91
00000
00001
00000
00100
00000
00010
00100
00010
00000
01000
00100
01000
00000
00010
00100
00010
,  // measure 92
00100
00001
01000
00001
01000
00100
10000
00100
10000
00001
01000
00001
01000
00010
00100
00001
,  // measure 93
00010
00100
01000
00010
00100
00001
10000
01000
00100
00020
00000
00030
00000
01000
00100
01000
,  // measure 94
00000
00010
00100
00010
00000
10000
00100
10000
00000
00001
00100
00001
00000
01000
00100
10000
,  // measure 95
00100
01000
00010
00100
00001
10000
00000
00100
00000
02000
00000
03000
00000
00010
00100
00010
,  // measure 96
00000
01000
00100
01000
00000
00001
00100
00001
00000
10000
00100
10000
00000
00010
00100
00001
,  // measure 97
00100
00000
00010
00000
01000
00000
00100
00000
10000
00000
00001
00000
00000
00000
00100
00000
00000
00000
00020
00000
00000
00000
00030
00000
00000
00000
01000
00100
20000
00000
00000
00000
,  // measure 98
00000
00000
00000
00000
00000
00000
30000
00000
00000
00000
00010
00100
00002
00000
00000
00000
00000
00000
00000
00000
00000
00000
00003
00000
00000
00000
01000
00010
00100
00002
20000
00000
,  // measure 99
00000
00000
00000
00000
00000
00000
00000
00000
00000
00000
30003
00000
00000
02220
00000
00000
,  // measure 100
00000
00000
00000
03330
;