0000000000
0000000000
0000000000
0000000000
,
0000000000
0000000000
0000000000
0000000000
,
0000000000
0000000000
0000000000
0000000000
,
0000000000
0000000000
0000000000
0000000000
,
0000000100
0000000000
0000000000
0000000000
0000001000
0000000000
0000000100
0000000000
0000001000
0000010000
0000100000
0000000000
0001000000
0000000000
0020000000
0000000000
,
0030000000
0000000000
0000000000
0000000000
0001000000
0000000000
0010000000
0000000000
0001000000
0000100000
0000010000
0000000000
0000001000
0000000000
0000000200
0000000000
,
0000000300
0000000000
0000000000
0000000000
0000001000
0000000000
0000000100
0000000000
0000001000
0000010000
0000100000
0000000000
0001000000
0000000000
0020000000
0000000000
,
0030000000
0000100000
0010000000
0001000000
0000100000
0000010000
0000001000
0000000200
,
0000000000
0000000000
0000000300
0000000000
0000001000
0000000000
0000000100
0000000000
0000001000
0000010000
0000100000
0000000000
0001000000
0000000000
0020000000
0000000000
,
0030000000
0000000000
0000000000
0000000000
0001000000
0000000000
0010000000
0000000000
0001000000
0000100000
0000010000
0000000000
0000001000
0000000000
0000000200
0000000000
,
0000000300
0000000000
0000000000
0000000000
0000001000
0000000000
0000000100
0000000000
0000001000
0000010000
0000100000
0000000000
0001000000
0000000000
0020000000
0000000000
,
0030000000
0001000000
0000100000
0000010000
0000110000
0000110000
0000110000
0000000000
,
0000100000
0000001000
0000100000
0000001000
0000010000
0000000100
0000010000
0000000100
,
0000001000
0000000100
0000001000
0000000100
0000001000
0000000010
0000001000
0000000010
,
0000000100
0000000001
0000000100
0000000001
0000010000
0000000100
0000010000
0000002000
,
0000000000
0000003000
0002000000
0000000000
0000000000
0003000000
0000020000
0000000000
0000000000
0000030000
0000200000
0000000000
0000000000
0000300000
0000000000
0000000000
,
0000010000
0001000000
0000010000
0001000000
0000100000
0010000000
0000100000
0010000000
,
0001000000
0010000000
0001000000
0010000000
0001000000
0100000000
0001000000
0100000000
,
0010000000
1000000000
0010000000
1000000000
0000100000
0010000000
0000100000
0010000000
,
0000100000
0001000000
0000001000
0000100000
0000000000
0000101000
0000000000
0000000000
,
0002020000
0000000000
0000000000
0000000000
0000000000
0003030000
0000000000
0000000000
0002200000
0000000000
0000000000
0000000000
0000000000
0003300000
0000000000
0000000000
,
0010100000
0000000000
0000000000
0000000000
0010100000
0000000000
0000000000
0000000000
0010100000
0000000000
0000000000
0000000000
0002000000
0000000000
0000002000
0000000000
0000000000
0000000000
0000000000
0000000000
0000000000
0000000000
0000000000
0000000000
0000000000
0000000000
0000000000
0003003000
0000000000
0000000000
0000000000
0000000000
,
0000202000
0000000000
0000000000
0000000000
0000000000
0000303000
0000000000
0000000000
0000022000
0000000000
0000000000
0000000000
0000000000
0000033000
0000000000
0000000000
,
0000010100
0000000000
0000010100
0000000000
0000010100
0000000000
0000002000
0002000000
0000000000
0000000000
0000000000
0000000000
0003003000
0000000000
0000000100
0010000000
,
0000000000
0000000000
0000000000
0000000000
0000000000
0000000000
0000000000
0000001000
,
0000100000
0000000000
0000001000
0000010000
0000000100
0000000000
0000001000
0000000000
0000000010
0000000000
0000000100
0000000001
0000010000
0000000000
0000000100
0000000000
,
0000001000
0000000000
0000010000
0000100000
0001000000
0000000000
0010000000
0000000000
0000100000
0000000000
1000000000
0010000000
0100000000
0000000000
0001000000
0010000000
,
0000100000
0001000000
0000010000
0000100000
0000001000
0000010000
0000000100
0000001000
0000000020
0000000030
0000000200
0000000300
0000000002
0000000003
0000001000
0000000100
,
0000010000
0000001000
0000100000
0000010000
0001000000
0000100000
0010000000
0001000000
0200000000
0300000000
0020000000
0030000000
2000000000
3000000000
0000100000
0000000000
,
0010000000
0000000000
0001000000
0010000000
0001000000
0000000000
0000100000
0000000000
0000010000
0000000000
0000001000
0000000100
0000001000
0000000000
0000010000
0000000000
,
0001000000
0000000000
0000100000
0010000000
0000100000
0000000000
0001000000
0000000000
0000001000
0000000000
0000010000
0000000100
0000010000
0000000000
0000001000
0001000000
,
0000001000
0000000000
0000100000
0000001000
0000100000
0000000000
0000010000
0000100000
0000010000
0000000000
0001000000
0000010000
0001000000
0000000000
0001001000
0000000000
,
0000000000
0000000000
0001001000
0000000000
0000000000
0000000000
0001000000
0000001000
0000010000
0000000100
0000001000
0000010000
0000100000
0001000000
0010000000
0000000000
,
0001000000
0000000000
0100000000
0010000000
1000000000
0000000000
0000100000
0000000000
0010000000
0000000000
0001000000
0000100000
0000010000
0000000000
0000001000
0000000000
,
0000000100
0000000000
0000010000
0000000001
0000000100
0000000000
0000000010
0000000000
0000001000
0000000000
0000000100
0000010000
0000001000
0000000000
0001000000
0000100000
,
0010000000
0001000000
0100000000
0010000000
1000000000
0010000000
0100000000
0001000000
0020000000
0030000000
0000200000
0000300000
0002000000
0003000000
0000001000
0000010000
,
0000000100
0000001000
0000000010
0000000100
0000000001
0000000100
0000000010
0000001000
0000000200
0000000300
0000020000
0000030000
0000002000
0000003000
0001000000
0000000000
,
0000001000
0000000000
0000010000
0000000100
0000010000
0000000000
0000001000
0000000000
0001000000
0000000000
0000100000
0010000000
0000100000
0000000000
0001000000
0000000000
,
0000010000
0000000000
0000001000
0000000100
0000001000
0000000000
0000010000
0000000000
0000100000
0000000000
0001000000
0010000000
0001000000
0000000000
0000100000
0000010000
,
0000100000
0000000000
0000001000
0000100000
0000001000
0000000000
0001000000
0000001000
0001000000
0000000000
0000010000
0001000000
0000010000
0000000000
0000110000
0000000000
,
0000000000
0000000000
0000000000
0000000000
0000101000
0000000000
0000000000
0000000000
0000000000
0000000000
0000000000
0000000000
0000001000
0000000000
0000000000
0000000000
0001000000
0000000000
0000000000
0000000000
0000010000
0000000000
0000000000
0000000000
0000000000
0000000000
0000000000
0000000000
0000200000
0000000000
0000000000
0000300000
,
0000020000
0000000000
0000000000
0000030000
0002000000
0003000000
0000200000
0000000000
0000000000
0000300000
0020000000
0000000000
0000000000
0000000000
0000000000
0030000000
0002000000
0000000000
0000000000
0003000000
0000200000
0000300000
0000020000
0000000000
0000000000
0000030000
0000002000
0000000000
0000000000
0000000000
0000000000
0000003000
,
0000000200
0000000300
0000002000
0000000000
0000000000
0000000000
0000000000
0000003000
0000020000
0000000000
0000200000
0000000000
0000000000
0000000000
0000000000
0000000000
0000000000
0000330000
0000000000
0000000000
0000010000
0000000000
0000100000
0000000000
0000000000
0000000000
0000110000
0000000000
0000000000
0000000000
0000000000
0000000000
,
0000000000
0000000000
0000000000
0000000000
0001000000
0000000000
0000001000
0000000000
0010000000
0000000000
0000000200
0000000000
0000000000
0000000300
0000200000
0000000000
0000000000
0000300000
0000020000
0000000000
0000000000
0000030000
0020000000
0000000000
0000000000
0030000000
0000000000
0000000000
0010010000
0000000000
0000000000
0000000000
,
0000110000
0000000000
0000000000
0000000000
0000100100
0000000000
0000110000
0000000000
0000000000
0000000000
0001002000
0000000000
0000000000
0000000000
0000000000
0000000000
0000100000
0000000000
0000000000
0000000000
0000100000
0000000000
0000000000
0000000000
0000103000
0000000000
0000000000
0000000000
0000100000
0000001000
0000100000
0000001000
,
0000100000
0000001000
0000100000
0000001000
0000100000
0001000000
0020000000
0030000000
0000200000
0000300000
0002000000
0003000000
0000010000
0001000000
0000010000
0001000000
0000010000
0001000000
0000010000
0001000000
0000010000
0000001000
0000000200
0000000300
0000020000
0000030000
0000002000
0000003000
0001000000
0000100000
0010000000
0001000000
,
0100000000
0010000000
1000000000
0010000000
0100000000
0001000000
0020000000
0030000000
0000200000
0000300000
0002000000
0003000000
0000001000
0000010000
0000000100
0000001000
0000000010
0000000100
0000000001
0000000100
0000000010
0000001000
0000000200
0000000300
0000020000
0000030000
0000002000
0000003000
0001000000
0000100000
0010000000
0001000000
,
0100000000
0010000000
1000000000
0100000000
1000000000
0010000000
0100000000
0001000000
0010000000
0000100000
0001000000
0000100000
0010000000
0001000000
0000100000
0000010000
0000001000
0000000100
0000010000
0000001000
0000010000
0000000100
0000001000
0000000010
0000000100
0000000001
0000000010
0000000001
0000000100
0000000010
0000001000
0000000100
,
0000010000
0000001000
0000100000
0000010000
0001000000
0000100000
0010000000
0001000000
0100000000
0010000000
1000000000
0000100000
0010000000
0000000000
0000000000
0000000000
0010100000
0000000000
0000000000
0000000000
0000100000
0000000000
0001000000
0000000000
0000001000
0000000000
0000000000
0000000000
0020000200
0000000000
0030000300
0000000000
,
0001000000
0000000000
0000000100
0000000000
0000001000
0000010000
0000100000
0000000000
0001000000
0000000000
0020000000
0000000000
0030000000
0000000000
0000000000
0000000000
0001000000
0000000000
0010000000
0000000000
0001000000
0000100000
0000010000
0000000000
0000001000
0000000000
0000000200
0000000000
0000000300
0000000000
0000000000
0000000000
,
0000001000
0000000000
0000000100
0000000000
0000001000
0000010000
0000100000
0000000000
0001000000
0000000000
0020000000
0000000000
0030000000
0000000000
0000100000
0000000000
0010000000
0000000000
0001000000
0000000000
0000100000
0000000000
0000010000
0000000000
0000001000
0000000000
0000000200
0000000000
0000000000
0000000000
0000000300
0000000000
,
0000001000
0000000000
0000000100
0000000000
0000001000
0000010000
0000100000
0000000000
0001000000
0000000000
0020000000
0000000000
0030000000
0000000000
0000000000
0000000000
0001000000
0000000000
0010000000
0000000000
0001000000
0000100000
0000010000
0000000000
0000001000
0000000000
0000000200
0000000000
0000000300
0000000000
0000000000
0000000000
,
0000001000
0000000000
0000000100
0000000000
0000001000
0000010000
0000100000
0000000000
0001000000
0000000000
0020000000
0000000000
0030000000
0000000000
0000100000
0010000000
0000100000
0100000000
0000100000
0010000000
0000200000
0000300000
0002000000
0000000000
0000000000
0003000000
0000002000
0000000000
0000000000
0000003000
0000010000
0000000100
,
0000010000
0000000010
0000010000
0000000100
0000020000
0000030000
0000002000
0000000000
0000000000
0000003000
0002000000
0000000000
0000000000
0003000000
0000100000
0010000000
0000100000
0100000000
0000100000
0010000000
0000200000
0000000000
0001300000
0000000000
0000000000
0000000000
0000022100
0000000000
0000000000
0000000000
0000000000
0000000000
,
0000000000
0000000000
0000000000
0000000000
0000000000
0000000000
0000000000
0000000000
0000000000
0000000000
0000000000
0000000000
0000000000
0000000000
0000000000
0000033000
;