00000
00000
00000
00000
,
00000
00000
00000
00000
,
00000
00000
00000
00000
,
02000
03020
02030
03020
02030
03020
02030
03020
02030
03020
02030
03020
02030
03020
02030
03020
,
02030
03020
02030
03020
02030
03020
02030
03020
02030
03020
02030
03020
02030
03020
02030
03020
,
02030
03020
02030
03020
02030
03020
02030
03020
02030
03020
02030
03020
02030
03020
02030
03020
,
02030
00000
00000
03020
00000
00000
02030
00000
00000
03020
00000
00000
02030
00000
00000
03020
00000
00000
02030
00000
00000
03020
00000
00000
02030
00000
03200
00000
02320
00000
03230
00000
02320
00000
03230
00000
00320
00000
00030
00000
00000
00000
00000
00000
00000
00000
00000
00000
,
00000
00000
00000
00000
01000
00100
10000
00001
10000
00100
01000
00010
00100
00001
10000
00001
,
00100
00010
02000
03000
00010
00100
00001
10000
00001
00100
00010
01000
00100
10000
00001
10000
,
00100
01000
00020
00030
01000
00100
10000
00001
10000
00100
01000
00010
00100
00001
10000
00100
,
01000
00010
00100
00001
10000
00100
01000
00010
01000
00100
10000
00001
00100
00010
01000
00010
,
00100
00001
10000
00100
01000
00001
00100
00001
01000
00001
00100
00001
01000
00010
00100
00001
,
10000
00100
01000
00010
10000
00100
10000
00010
10000
00100
10000
00010
00100
00001
10000
00100
,
01000
00010
00100
00001
10000
00100
01000
00001
01000
00100
10000
00001
00100
00010
10000
00010
,
00100
00001
10000
00100
01000
00010
01000
00100
10000
00001
00100
00010
01000
00010
00100
00001
,
10000
00000
00000
00100
00000
00000
02000
00000
00000
00020
00000
00000
00000
00000
00000
00000
00000
00000
00000
00000
00000
00000
00000
00000
00000
00000
00000
00000
00000
00000
00000
00000
00000
03030
00000
00000
00000
00000
00000
00000
00000
00000
01000
00000
00010
00000
01000
00000
,
00010
20000
00100
00100
,
00100
00100
00100
00100
,
00100
30000
00002
00000
00100
00000
00100
00000
,
00100
00000
00100
00000
00100
00000
00103
00001
,
10000
00000
00100
10000
00020
00000
00000
00000
00100
00000
00000
00000
00100
00000
00000
00000
,
00100
00100
00100
00100
,
00100
00030
02000
00000
00100
00000
00100
00000
,
00100
00000
00000
00000
00100
00000
00000
00000
00100
00000
03000
00000
00010
00100
00010
00100
,
00010
00100
00010
00100
00001
00000
10000
00000
00100
00000
10000
00000
00001
00000
10000
00000
,
00100
10000
00001
01000
00100
01000
00001
01000
,
00100
01000
00010
10000
00100
10000
00010
10000
,
00100
10000
00010
01000
00100
01000
00001
10000
,
00010
00000
01000
00100
10000
00000
00001
00000
00100
00000
00001
00000
01000
00000
00001
00000
,
00100
00001
10000
00010
00100
00010
10000
00010
,
00100
00001
01000
00000
01100
00010
00000
00110
,
01000
00000
00000
00000
00010
00100
00001
00010
00100
00000
01100
00000
01000
00100
00010
00001
,
00100
00010
01000
00100
20000
30000
00100
00000
02010
03000
00200
00300
00020
00030
00001
00000
,
00021
00030
00200
00300
02000
03000
00010
00000
01020
00030
00200
00300
02000
03000
10000
00000
,
12000
03000
00200
00300
00002
00003
10000
00000
20001
30000
00200
00300
00020
00030
00001
00000
,
00021
00030
00200
00300
20000
30000
00001
00000
10002
00003
00200
00300
02000
03000
10000
00000
,
12000
03000
00200
00300
00002
00003
10000
00000
20001
30000
00200
00300
00020
00030
00001
00000
,
00021
00030
00200
00300
20000
30000
01000
00000
12000
03000
00200
00300
00002
00003
00010
00000
,
00021
00030
00200
00300
02000
03000
00010
00000
01020
00030
00200
00300
02000
03000
10000
00000
,
12000
03000
00200
00300
00010
01000
00100
00010
00001
00100
00010
01000
00100
10000
01000
00100
,
00010
01000
00100
10000
00002
00000
00103
00000
20000
00000
30100
00000
00020
00000
00130
00000
,
02000
00000
00000
00000
00000
00000
00000
00000
03100
00000
00000
00000
00000
00000
00000
00000
02020
00000
00000
00000
00000
00000
00000
00000
00000
00000
00000
00000
00000
00000
00000
00000
00000
00000
00000
00000
00000
00000
00000
00000
00000
00000
00000
00000
00000
00000
00000
03030
02020
00000
00000
00000
00000
00000
00000
00000
00000
00000
00000
00000
00000
00000
00000
00000
,
00000
00000
03030
02020
00000
00000
00000
03030
00000
00000
00000
00000
00000
00000
00000
00000
00000
00000
00000
00000
00000
00000
00000
00000
02000
00000
00000
00000
03000
00000
00000
00000
00100
00000
00000
00000
00000
00000
00000
00000
20001
00000
00000
00000
30000
00000
00000
00000
00200
00000
00000
00000
00300
00000
00000
00000
00020
00000
00000
00000
00030
00000
00000
00000
,
00001
00000
00021
00030
00200
00300
02000
03000
00010
00000
01020
00030
00200
00300
02000
03000
,
10000
00000
12000
03000
00200
00300
00002
00003
00020
00030
00200
00300
02000
03000
00020
00030
,
00200
00300
00002
00003
20000
30000
00010
00100
00010
00000
01000
00100
01000
00000
10000
00100
,
10000
00000
01000
00100
01000
00000
00010
00100
00010
00000
00001
00100
00001
00000
00010
00100
,
00010
00000
01000
00100
01000
00000
10000
00000
00100
00000
10000
00000
01000
00000
00100
00000
,
10000
00001
00100
00010
00001
00010
00100
00001
,
10000
00100
02000
00020
00000
00000
03030
00000
,
01000
00000
00010
00000
01000
00000
00010
00000
00000
00000
00000
00000
00000
00000
00000
00000
00000
00000
20000
00000
00000
30000
00000
00000
00200
00000
00000
00300
00000
00000
00002
00000
00000
00000
00000
00000
00010
00000
00000
00000
00000
00000
00013
00000
00000
00000
00000
00000
,
00001
00200
10000
10300
00100
00002
00010
00013
,
00001
00200
10000
10300
00100
00001
00010
01000
,
10000
00100
00001
00001
00100
10000
01000
00010
,
00001
00000
00100
00000
10000
00000
00002
00003
00200
00300
20000
00000
01000
00000
31000
00000
,
10000
00200
00001
00301
00100
20000
01000
31000
,
10000
00200
00001
00301
00100
10000
01000
00010
,
00001
00000
00100
00000
10000
00000
10010
00000
00110
00000
01001
00000
01100
00000
00010
00100
,
01000
10000
00100
01000
00010
00100
00001
00000
00101
00000
01001
00000
10010
00000
10000
00100
,
01000
00000
00001
00100
00010
00000
10000
00000
10100
00000
10010
00000
01001
00000
00001
00100
,
00010
00000
10000
00100
01000
00000
00010
00100
00001
00010
00100
00000
01100
00000
01000
00100
,
10000
01000
00100
00000
00110
00000
00102
00000
01003
00000
20100
00000
30010
00000
00102
00000
,
01003
00000
20100
00000
30010
00000
01000
00100
10000
00010
10000
00100
01000
00010
00100
00001
,
10000
00100
01000
00010
00100
00001
00010
00001
00100
00010
01000
00100
10000
01000
10000
00100
,
01000
00010
00100
00001
10000
00100
02000
03000
20000
30000
00200
00300
00020
00000
00000
00030
,
00002
00003
00200
00000
00000
00300
00002
00003
00020
00030
00200
00300
00002
00003
20000
30000
,
00100
01000
00010
00000
00000
00000
20000
00000
00000
00000
00000
00000
00000
00000
00002
00000
,
00000
00000
30003
00000
00000
00000
10000
00100
10000
00010
10000
00100
10000
00010
10000
00100
,
10000
00010
00100
00001
10000
00100
01000
00001
00100
00001
01000
00001
00100
00001
01000
00001
,
00100
00001
01000
00001
00100
00010
01000
00100
10000
00100
01000
00100
10000
00001
00100
00010
,
00100
00001
00100
00010
00100
00001
10000
00100
01000
00001
01000
00100
10000
00001
00100
00010
,
10000
00010
00100
00001
10000
00100
01000
00001
00100
00001
01000
00001
00100
00001
01000
00001
,
00100
00001
01000
00010
00100
00001
10000
00100
01000
10000
01000
00100
10000
00001
00100
00010
,
00001
00010
00100
00001
10000
00100
01000
00001
01000
00001
00100
00010
01000
00100
10000
00010
,
10000
00010
00100
00001
10000
00100
01000
00001
01000
00001
00100
00010
01000
00100
10000
00010
,
10000
00010
00100
00001
10000
00100
01000
00010
00100
00001
10000
00100
01000
00100
10000
00001
,
00100
00010
00001
00100
00001
00010
00100
00001
10000
00100
01000
10000
00100
10000
01000
00100
,
10000
00001
00100
00000
00110
00000
00020
00030
00200
00300
00002
00003
20000
30000
00200
00300
,
00020
00000
00000
00030
00200
00000
00000
00300
20000
30000
00002
00003
00200
00300
02000
03000
,
20000
00000
00000
30000
00020
00000
00000
00030
01000
00000
01010
00000
00100
00000
10000
00000
,
00001
00000
10001
00000
00100
00000
00020
00030
00002
00003
00200
00300
02000
03000
20000
30000
,
00200
00300
00002
00000
10003
00000
10001
00000
00000
00000
00100
00000
01010
00000
00000
00000
,
00100
00000
10010
00000
00000
00000
01000
00010
00100
00010
01000
00010
00100
00001
10000
00100
,
01000
00010
00100
00001
00010
00100
02000
00000
00000
00000
00000
00000
00000
03000
00100
10000
,
00001
00100
00010
01000
00100
10000
02000
00000
00000
00000
00000
00000
00000
03000
10000
00100
,
01000
00010
00100
00001
10000
00100
02000
00000
00000
00000
00000
00000
00000
03000
00100
10000
,
00001
00100
00010
01000
00100
10000
02000
03000
00200
00300
00020
00030
02000
03000
20000
30000
,
00020
00030
00200
00300
02000
03000
00001
00100
00010
00001
00100
00001
00010
00100
00001
00010
,
00100
00010
00001
00010
00100
01000
10000
00100
10000
01000
00100
10000
01000
00100
01000
10000
,
01000
00100
00010
01000
00100
10000
00001
00000
00000
00000
01101
00000
00010
00000
00000
00000
,
10110
00000
00000
00000
01101
00000
20000
30000
02000
03000
00200
00300
00002
00003
00010
00100
,
10000
00001
00100
01000
10000
00000
00000
00000
00000
00000
00000
00000
00000
00000
00000
00000
;