00000
00000
00000
00000
,  // measure 1
00000
00000
00000
00000
,  // measure 2
00000
00000
00000
00000
,  // measure 3
00000
00000
00000
00000
,  // measure 4
00020
00000
00000
00000
00000
00030
00110
00000
,  // measure 5
02000
00000
00000
00000
00000
03000
01100
00000
,  // measure 6
00001
00000
00100
00000
00001
00000
02000
00000
00000
03000
00000
00000
00001
00000
00100
00000
00010
00000
02000
00000
00000
03000
00000
00000
,  // measure 7
00001
00000
00100
00000
00001
00000
20000
00000
00000
30000
00000
00000
00010
00000
00100
00000
00001
00000
20000
00000
00000
30000
00000
00000
,  // measure 8
01000
00000
00100
00000
00010
00000
10000
00000
00100
00000
01000
00000
00010
00000
00100
00000
00010
00000
20000
00000
00000
30000
00000
00000
,  // measure 9
00100
00000
01000
00000
00010
00000
10000
00000
00100
00000
10000
00000
00001
00000
00100
00000
00010
00000
20000
00000
00000
30000
00000
00000
,  // measure 10
01000
00000
10000
00000
00010
00000
01000
00000
10000
00000
00100
00000
00001
00000
10000
00000
00100
00000
20000
00000
00000
30000
00000
00000
,  // measure 11
00010
00000
00001
00000
00100
00000
20000
00000
00000
30000
00000
00000
00001
00000
00010
00000
00100
00000
02000
00000
00000
03000
00000
00000
,  // measure 12
00010
00000
00010
00100
00000
00100
00001
00000
00001
01000
00000
00000
,  // measure 13
01010
00000
01000
00100
00000
00100
10000
00000
10000
00010
00000
00000
,  // measure 14
01010
00000
00010
01000
00100
10000
00001
00100
00001
00010
00100
01000
,  // measure 15
00010
00000
00000
00000
00010
00000
10000
00000
00000
00000
10000
00000
00001
00000
00100
00000
00010
00000
01000
00000
00000
02200
00000
00000
,  // measure 16
00000
00000
00000
03300
,  // measure 17
20002
00000
00000
30003
,  // measure 18
00010
00100
02000
00000
00000
00000
00000
03000
00000
00000
00000
00000
00010
00100
20000
00000
00000
00000
00000
30000
00000
00000
00000
00000
00010
00100
02000
00000
00000
00000
00000
03000
00000
00000
00000
00000
00010
00100
20000
00000
00000
00000
00000
30000
00000
00000
00000
00000
,  // measure 19
00010
00100
02000
00000
00000
00000
00000
00000
00000
00000
00000
00000
00000
00000
00000
00000
00000
03000
00000
00000
00000
00000
00000
00000
01000
00000
00100
00000
00000
00000
00000
00000
00102
00000
00000
00000
00000
00000
00000
00000
00003
00000
00000
00000
00000
00000
00000
00000
,  // measure 20
10000
00000
00100
00000
10000
00000
00020
00000
00000
00030
00000
00000
10000
00000
00100
00000
01000
00000
00020
00000
00000
00030
00000
00000
,  // measure 21
01000
00000
00100
00000
01000
00000
00002
00000
00000
00003
00000
00000
01000
00000
00100
00000
10000
00000
00002
00000
00000
00003
00000
00000
,  // measure 22
01000
00100
00020
00000
00000
00000
00000
00030
00000
00000
00000
00000
01000
00100
00002
00000
00000
00000
00000
00003
00000
00000
00000
00000
01000
00100
00020
00000
00000
00000
00000
00030
00000
00000
00000
00000
01000
00100
00002
00000
00000
00000
00000
00003
00000
00000
00000
00000
,  // measure 23
01000
00100
00010
00000
00000
00000
00000
00000
00000
00000
00000
00000
00010
00100
10000
00000
00000
00000
00000
00000
00000
00000
00000
00000
10000
00100
00001
00000
00000
00000
00000
00000
00000
00000
00000
00000
20002
00000
00000
00000
00000
30003
00000
00000
00000
00000
00000
00000
,  // measure 24
00001
00000
01000
00000
00001
00000
20000
00000
00000
30000
00000
00000
00001
00000
01000
00000
00100
00000
20000
00000
00000
30000
00000
00000
,  // measure 25
00100
00000
01000
00000
00001
00000
00200
00000
00300
00000
00001
00000
01000
00000
00010
00000
00100
00000
00002
00000
00000
00003
00000
00000
,  // measure 26
01000
00000
00010
00100
00000
00001
10000
00000
00000
10001
00000
00100
,  // measure 27
00010
00000
01000
00100
00000
10000
00001
00000
00000
01001
00000
00010
,  // measure 28
01000
00000
01000
00001
00000
00001
10000
00000
00000
10010
00000
00000
,  // measure 29
00010
00000
00100
00000
00010
00000
20000
00000
00000
30000
00000
00000
00010
00000
00100
00000
00001
00000
02000
00000
00000
03000
00000
00000
,  // measure 30
01100
00000
00000
00000
00100
00000
10100
00000
00000
00000
00100
00000
01100
00000
00000
00000
00100
00000
20200
00000
00000
30300
00000
00000
,  // measure 31
00110
00000
00000
00000
00100
00000
00101
00000
00000
00000
00100
00000
00110
00000
00000
00000
00100
00000
00202
00000
00000
00303
00000
00000
,  // measure 32
00001
00000
00100
00010
00000
01000
00100
00000
10000
00001
00000
00000
,  // measure 33
10000
00000
00100
00000
10000
00000
00020
00000
00000
00030
00000
00000
10000
00000
00100
00000
01000
00000
00002
00000
00000
00003
00000
00000
,  // measure 34
10000
10100
00001
00101
,  // measure 35
10000
00000
00000
10100
00000
00100
00000
00000
00000
10001
00000
00000
,  // measure 36
00010
00000
01000
00100
00000
10000
00001
00000
00000
00011
00000
00000
,  // measure 37
00001
00000
01000
00010
00000
00100
01000
00000
10000
10100
00000
10000
,  // measure 38
01000
00000
00100
00010
00000
01000
00100
00000
10000
10010
00000
00000
,  // measure 39
00010
00000
01000
00100
10000
01000
00100
00010
01000
00100
00000
01100
,  // measure 40
00000
00000
00100
00001
00000
10000
00100
00000
01000
00010
00000
00000
,  // measure 41
00110
00000
00100
10000
00000
00001
00100
00000
00010
01000
00000
00000
,  // measure 42
01100
00000
01000
00001
00100
00010
00001
00100
10000
00001
00100
00010
,  // measure 43
01000
00000
00000
00000
01000
00000
00001
00000
00000
00000
00001
00000
10000
00000
00100
00000
01000
00000
00010
00000
00000
00220
00000
00000
,  // measure 44
00000
00000
00000
00330
,  // measure 45
20002
00000
00000
30003
,  // measure 46
00010
00100
02000
00000
00000
00000
00000
03000
00000
00000
00000
00000
00010
00100
20000
00000
00000
00000
00000
30000
00000
00000
00000
00000
00010
00100
02000
00000
00000
00000
00000
03000
00000
00000
00000
00000
00010
00100
20000
00000
00000
00000
00000
30000
00000
00000
00000
00000
,  // measure 47
00010
00100
02000
00000
00000
00000
00000
00000
00000
00000
00000
00000
00000
00000
00000
00000
00000
03000
00000
00000
00000
00000
00000
00000
01000
00000
00100
00000
00000
00000
00000
00000
00102
00000
00000
00000
00000
00000
00000
00000
00003
00000
00000
00000
00000
00000
00000
00000
,  // measure 48
10000
00000
00100
00000
10000
00000
00020
00000
00000
00030
00000
00000
10000
00000
00100
00000
01000
00000
00020
00000
00000
00030
00000
00000
,  // measure 49
01000
00000
00100
00000
01000
00000
00002
00000
00000
00003
00000
00000
01000
00000
00100
00000
10000
00000
00002
00000
00000
00003
00000
00000
,  // measure 50
01000
00100
00020
00000
00000
00000
00000
00030
00000
00000
00000
00000
01000
00100
00002
00000
00000
00000
00000
00003
00000
00000
00000
00000
01000
00100
00020
00000
00000
00000
00000
00030
00000
00000
00000
00000
01000
00100
00002
00000
00000
00000
00000
00003
00000
00000
00000
00000
,  // measure 51
01000
00100
00010
00000
00000
00000
00000
00000
00000
00000
00000
00000
00010
00100
10000
00000
00000
00000
00000
00000
00000
00000
00000
00000
10000
00100
00001
00000
00000
00000
00000
00000
00000
00000
00000
00000
02002
00000
00000
00000
00000
03003
00000
00000
00000
00000
00000
00000
,  // measure 52
00010
00000
00100
00000
00010
00000
20000
00000
00000
30000
00000
00000
00010
00000
00100
00000
00001
00000
20000
00000
00000
30000
00000
00000
,  // measure 53
00001
00000
00100
00000
00001
00000
20000
00000
00000
30000
00000
00000
00001
00000
00100
00000
00010
00000
02000
00000
00000
03000
00000
00000
,  // measure 54
00020
00200
10000
00300
00030
00000
00000
00000
00000
00000
00000
00000
00000
00000
00000
00000
00000
00000
00000
00000
00000
00000
00000
00000
02000
00200
00001
00300
03000
00000
00000
00000
00000
00000
00000
00000
00020
00200
10000
00300
00030
00000
00000
00000
00000
00000
00000
00000
,  // measure 55
02000
00200
00001
00300
03000
00000
00000
00000
00000
00000
00000
00000
00000
00000
00000
00000
00000
00000
00000
00000
00000
00000
00000
00000
01010
00000
00000
00000
00000
00000
00100
00000
00000
00000
00000
00000
10001
00000
00000
00000
00000
00000
00000
00000
00000
00000
00000
00000
,  // measure 56
00002
00200
01000
00300
00003
00000
00000
00000
00000
00000
00000
00000
00000
00000
00000
00000
00000
00000
00000
00000
00000
00000
00000
00000
20000
00200
00010
00300
30000
00000
00000
00000
00000
00000
00000
00000
00002
00200
01000
00300
00003
00000
00000
00000
00000
00000
00000
00000
,  // measure 57
20000
00200
00010
00300
30000
00000
00000
00000
00000
00000
00000
00000
00000
00000
00000
00000
00000
00000
00000
00000
00000
00000
00000
00000
00101
00000
00000
00000
00000
00000
00000
00000
10000
00000
00000
00000
10100
00000
00000
00000
00000
00000
00000
00000
00001
00000
00000
00000
,  // measure 58
00101
00000
00202
00000
00000
00303
00000
00000
01100
00000
02200
00000
00000
03300
00000
00000
00110
00000
00220
00000
00000
00330
00000
00000
,  // measure 59
10100
00000
20200
00000
00000
30300
00000
00000
00101
00000
00102
00000
00000
00000
00000
00000
00010
00000
00000
00000
00000
00000
01003
00000
,  // measure 60
00000
00000
01000
00100
01000
00001
00000
00000
01000
00001
01000
00010
,  // measure 61
00000
00000
00120
00000
00000
10000
00000
00000
00100
00000
00000
01030
,  // measure 62
00000
00000
00000
00000
02100
00000
00000
00000
00000
00000
00001
00000
00000
00000
00000
00000
00100
03000
00000
00000
00020
00000
00002
00000
,  // measure 63
00030
00003
00000
00000
00000
00000
00000
00000
00000
00000
00000
00000
;