//---------------pump-double - d18----------------
#NOTEDATA:;
#CHARTNAME:;
#STEPSTYPE:pump-double;
#DESCRIPTION:d18;
#CHARTSTYLE:;
#DIFFICULTY:Edit;
#METER:18;
#RADARVALUES:1.000000,1.000000,0.559423,0.973811,0.828775,533.000000,54.000000,94.000000,0.000000,0.000000,0.000000,0.000000,0.000000,1.000000,1.000000,0.559423,0.973811,0.828775,533.000000,54.000000,94.000000,0.000000,0.000000,0.000000,0.000000,0.000000;
#CREDIT:Andamiro;
#OFFSET:
-0.019000
;
#BPMS:
0.000000=175.000000
,112.000000=10.938000
,114.000000=175.000000
,238.000000=700.000000
,242.000000=175.000000
,243.500000=700.000000
;
#STOPS:;
#DELAYS:;
#WARPS:;
#TIMESIGNATURES:0.000000=4=4
;
#TICKCOUNTS:0.000000=8
,238.000000=2
,242.000000=8
,243.500000=2
;
#COMBOS:0.000000=1
;
#SPEEDS:
0.000000=1.000000=0.000000=0
,238.000000=0.250000=4.000000=0
;
#SCROLLS:
0.000000=1.000000
;
#FAKES:;
#LABELS:0.000=Song Start;
#NOTES:
0000000000
0000000000
0000000000
0000000000
,
0000000000
0000000000
0000000000
0000000000
,
0000000000
0000000000
0000000000
0000000000
,
0020000100
0000000000
0000000000
0030000000
0000002000
0000000000
0000000000
0000003000
0001000000
0000000000
0000010000
0000000000
0000110000
0000000000
0000000000
0000000000
,
0000100000
0010000000
1000000000
0010000000
0000100000
0000001000
0010000000
0000001000
,
0001000000
0000000000
0000100000
0000000000
0001000000
0000000000
0000001000
0000000000
0000100000
0001000000
0000100000
0000000000
0000110000
0000000000
0000000000
0000000000
,
0000010000
0000000100
0000000001
0000000100
0000010000
0001000000
0000000100
0001000000
,
0000001000
0000000000
0000010000
0000000000
0000001000
0000000000
0001000000
0000000000
0000020000
0000030000
0000000200
0000000300
0000000002
0000000003
0000000020
0000000030
,
0000000100
0000001000
0000010000
0000100000
0001000000
0010000000
0000001000
0001000000
,
0000000100
0000010000
0000001000
0001000000
0000100000
0010000000
0000010000
0000100000
,
0000001000
0001000000
0000001000
0001000000
0000010000
0000100000
0000010000
0000100000
0000001000
0001000000
0000001000
0001000000
0000010000
0000100000
0000010000
0000100000
,
0002000000
0020000000
0000000000
0033000000
,
0011000000
0000000000
0000000000
0100000000
0010000000
0000000000
0011000000
0000000000
0000000000
0000001000
0001000000
0000000000
0000010000
0000000000
0000001000
0000000000
,
0000001100
0000000000
0000000000
0000000010
0000000100
0000000000
0000001100
0000000000
0000000000
0001000000
0000001000
0000000000
0000100000
0000000000
0000010000
0000000000
,
0000110000
0000000000
0000000000
0010000000
0000100000
0000000000
0000110000
0000000000
0000000000
0000000100
0000010000
0000000000
0000000001
0000000000
0000000100
0000000000
,
0000000101
0000000000
0000000000
0000001100
0000000000
0000000000
0001010000
0000000000
0000000000
0000101000
0000000000
0000000000
0000001000
0000000000
0000010000
0000000000
,
0000010100
0000000000
0000000000
0000000001
0000000100
0000000000
0000010100
0000000000
0000000000
0000100000
0000010000
0000000000
0001000000
0000000000
0000100000
0000000000
,
0010100000
0000000000
0000000000
1000000000
0010000000
0000000000
0010100000
0000000000
0000000000
0000010000
0000100000
0000000000
0000001000
0000000000
0001000000
0000000000
,
0001001000
0000000000
0000000000
0000000100
0000001000
0000000000
0001001000
0000000000
0000000000
0010000000
0001000000
0000000000
0100000000
0000000000
0010000000
0000000000
,
0110000000
0000000000
0000000000
0010100000
0000000000
0000000000
0001010000
0000000000
0000000000
0000101000
0000000000
0000000000
0000100000
0000000000
0001000000
0000000000
,
0020000000
0000000000
0030000000
0000200000
0000000000
0000300000
0002000000
0003000000
0000010000
0000001000
0000000100
0000000000
0000200000
0000300000
0000020000
0000030000
,
0000002000
0000000000
0000003000
0000000200
0000000000
0000000300
0000020000
0000030000
0000000001
0000000100
0000000010
0000000000
0000002000
0000003000
0000020000
0000030000
,
0000200000
0000000000
0000300000
0000002000
0000000000
0000003000
0002000000
0003000000
0000010000
0000100000
0001000000
0000000000
0020000000
0030000000
0000200000
0000300000
,
2000000000
3000000000
0200000000
0300000000
0020000000
0030000000
0002000000
0003000000
0000200000
0000300000
0000020000
0000030000
0000002000
0000003000
0000000200
0000000300
,
0000000010
0000000000
0000000000
0000000101
0000000000
0000000000
0000001100
0000000000
0000000100
0000010000
0000001000
0000000000
0001000000
0000100000
0010000000
0000000000
,
0100100000
0000000000
0000000000
1010000000
0000000000
0000000000
0011000000
0000000000
0010000000
0000100000
0001000000
0000000000
0000001000
0000010000
0000000100
0000000000
,
0000001000
0000000100
0000001000
0000000100
0000100000
0000001000
0000100000
0000001000
0001000000
0000010000
0001000000
0000010000
0010000000
0001000000
0010000000
0001000000
,
0000200000
0000000000
0000000000
0000300000
0000020000
0000000000
0000000000
0000030000
0001000000
0000000000
0000001000
0000000000
0001001000
0000000000
0000000000
0000000000
,
0010000100
0000000000
0000000000
0000000000
0000110000
0000020000
0001030000
0002000000
,
0003010000
0000020000
0010030000
0020000000
0030010000
0000020000
0001030000
0002000000
,
0003010000
0000020000
0000130000
0000200000
0000301000
0000002000
0000103000
0000200000
,
0000300100
0000000200
0000100300
0000200000
0000301000
0000002000
0000103000
0000200000
,
0000310000
0000020000
0000130000
0000200000
0000300100
0000000200
0000010300
0000020000
,
0000030001
0000000002
0000001003
0000002000
0000003100
0000000200
0000100300
0000200000
,
0000310000
0000000000
0000220000
0000330000
0000000000
0000000000
0002002000
0003003000
0000000000
0000000000
0020000000
0000000000
0031000000
0000000000
0002000000
0000000000
,
0103000000
0200000000
0300100000
0000200000
0010300000
0020000000
0030001000
0000002000
,
0001003000
0000000000
0002002000
0003003000
0000000000
0000000000
0010000100
0000000000
0000220000
0000000000
0000330000
0000000000
0000000000
0000000000
0000100000
0000010000
,
0000100000
0000000000
0000010000
0000100000
0000000100
0000000000
0000100000
0000010000
0010000000
0000000000
0000010000
0000100000
0000010000
0000000000
0000100000
0000010000
,
0010000000
0000000000
0000010000
0000100000
0000000100
0000000000
0000100000
0000001000
0002002000
0000000000
0003003000
0000000000
0000000000
0000000000
0000001000
0001000000
,
0000001000
0000000000
0001000000
0000001000
0010000000
0000000000
0000001000
0001000000
0000000100
0000000000
0001000000
0000001000
0001000000
0000000000
0000001000
0001000000
,
0000000100
0000000000
0001000000
0000001000
0010000000
0000000000
0000001000
0000100000
0000010000
0000000000
0000000000
0000010100
0000000000
0000000000
0000000001
0000000100
,
0000010000
0000000000
0000000000
0000110000
0000000000
0000000000
0000100000
0001000000
0010000000
0000000000
0000000000
0010100000
0000000000
0000000000
1000000000
0010000000
,
0000100000
0000000000
0000000000
0000110000
0000000000
0000000000
0000010000
0000001000
0000000100
0000000000
0000000100
0000000000
0000010000
0000000000
0000010000
0000000000
,
0000000010
0000000100
0000001000
0000010000
0000000100
0000001000
0000010000
0000100000
0002000000
0000000000
0000000000
0000000000
0000000000
0000000000
0000000000
0000000000
,
0000000000
0000000000
0000000000
0000000000
0013000000
0000000000
0000000000
0000000000
1001000000
0000000000
0000000000
0010100000
0000000000
0000000000
0010000000
0000100000
,
1000000000
0000000000
0010000000
1000000000
0000100000
0010000000
0001000000
0100000000
0010000000
0000000000
0000000000
0101000000
0000000000
0000000000
0001000000
0010000000
,
0000100000
0010000000
0000010000
0000100000
0000000100
0000010000
0000000100
0000001000
0000000010
0000000000
0000000000
0000010100
0000000000
0000000000
0000000100
0000010000
,
0000000001
0000000000
0000000100
0000000001
0000010000
0000000100
0000001000
0000000010
0000000100
0000000000
0000000000
0000001010
0000000000
0000000000
0000001000
0000000100
,
0000010000
0000000100
0001000000
0000010000
0000100000
0000001000
0010000000
0000100000
0100000000
0000000000
0000000000
0100100000
0000000000
0000000000
0000100000
0010000000
,
0001000000
1000000000
0001000000
0010000000
0000100000
0001000000
0000100000
0010000000
0001000000
0000000000
0000000000
0001100000
0000000000
0000000000
0001000000
0000100000
,
0000001000
0001000000
0000010000
0000001000
0000000100
0000010000
0000000100
0000010000
0000000010
0000000000
0000000000
0000010010
0000000000
0000000000
0000010000
0000000100
,
0000001000
0000000001
0000001000
0000000100
0000010000
0000001000
0000010000
0000000100
0000002000
0000000000
0000003000
0000000020
0000000000
0000000030
0000020000
0000030000
,
0000000100
0000001000
0000010000
0000100000
0001000000
0010000000
0100000000
1000000000
0020000000
0030000000
0100000000
0000100000
0020000000
0030000000
0001000000
0100000000
,
0000100000
1000000000
0000100000
0010000000
0001000000
0000100000
0000010000
0001000000
0000002000
0000003000
0000100000
0000010000
0002000000
0003000000
0000010000
0000001000
,
0000000100
0000010000
0000001000
0000000100
0000000010
0000010000
0000000001
0000001000
0000000200
0000000300
0000010000
0000000010
0000000200
0000000300
0000000001
0000010000
,
0000000010
0000001000
0000000100
0000010000
0000001000
0001000000
0000010000
0000100000
0000002000
0000003000
0000100000
0000010000
0002000000
0003000000
0000100000
0010000000
,
0001000000
0000100000
0010000000
1000000000
0001000000
1000000000
0010000000
0100000000
0200200000
0300300000
0000000000
0022000000
0033000000
0000000000
0010000000
0000100000
,
0001000000
0000100000
0000001000
0000010000
0000001000
0000000100
0000010000
0000000010
0000020020
0000030030
0000000000
0000002200
0000003300
0000000000
0000000100
0000010000
,
0000001000
0000010000
0001000000
0000100000
0001000000
0010000000
0000100000
0100000000
0010000000
1000000000
0000100000
0010000000
0001000000
0100000000
0001000000
1000000000
,
0000100000
0010000000
0001000000
0000100000
0000010000
0000001000
0000000100
0000000010
0000000002
0000000000
0000000000
0000000000
0000000000
0000000000
0000000000
0000000000
,
0000000000
0000000000
0000000000
0000000000
0000000000
0000000000
0000000000
0000000000
0000000000
0000000000
0000000000
0000000000
0000000000
0000000003
0000000010
0000000000
,
0000000000
0000000100
0000000000
0000001000
0000000000
0000010000
0000000000
0000100000
,
0000000000
0001000000
0000000000
0022000000
0000000000
0000000000
0000000000
0000000000
,
0000000000
0000000000
0000000000
0000000000
,
0000000000
0000000000
0000000000
0000000000
,
0000000000
0000000000
0000000000
0000000000
,
0000000000
0000000000
0000000000
0000000000
,
0000000000
0000000000
0000000000
0000000000
,
0000000000
0000000000
0000000000
0033000000
0000000000
0000000000
0000000000
0000000000
;