00000
00000
00000
00000
,
00000
00000
00000
00000
00000
00000
00000
00000
00000
00000
00000
00000
00010
00100
00010
00100
,
00002
00000
00000
00000
01000
00000
01000
00000
01003
00000
00000
00000
01000
00100
01000
00100
,
20000
00000
00000
00000
00010
00000
00010
00000
30010
00000
00010
00000
00100
00000
00001
10000
,
00100
00100
00100
00100
02020
03030
01000
00100
,
10001
00000
00100
00000
00010
00000
01000
00100
20000
30000
01000
00100
00020
00000
00030
00000
,
01000
00100
01000
00100
20000
30000
00002
00003
00200
00300
00020
00030
02000
03000
00100
01000
,
00010
00100
00010
00100
00002
00003
20000
30000
00200
00300
02000
03000
00020
00030
00200
00300
,
00020
00030
02000
03000
00001
10000
00100
01000
00020
00030
02000
03000
00200
00300
20000
00000
,
30001
00000
00102
00003
10000
00000
20100
30000
,
10001
00000
00010
01000
00100
10000
00001
00200
,
00000
00000
00300
00000
00001
10000
00100
01000
00010
00000
00100
00000
00002
00000
00000
00000
,
01003
00000
01000
00100
10000
00000
00020
00000
10030
00000
10000
00100
01000
00000
00001
00000
,
00100
00010
01000
00200
00300
01000
00010
00200
,
00000
00000
00300
00000
00001
00000
10000
00000
00010
01000
00100
00000
10000
00000
00002
00000
,
00003
00100
00001
20000
30000
00200
00000
00300
,
02000
03000
00010
00100
00001
00010
00100
01000
00010
00000
10000
00000
00001
00000
01000
00000
,
00200
00000
00300
00000
01000
00000
00010
00000
00100
00000
00010
01000
00100
00000
10000
00000
,
00002
00000
00003
00000
00101
00000
10000
00100
01000
00000
00010
00000
00100
00000
00001
00000
,
20000
00000
30000
00000
10100
00000
00001
00100
00010
00000
01000
00000
00100
00000
10000
00001
,
00200
00000
00300
00000
00001
00000
10000
00100
01000
00000
00010
00000
00100
00000
00001
00000
,
20000
30100
00020
00130
02000
03100
00002
00103
,
10000
00000
00100
10000
01000
00000
00100
00000
00010
00000
01000
00000
00001
00000
10000
00000
,
00200
00000
00300
01000
00010
00000
00200
00300
00010
00000
01000
00000
00200
00000
00300
00000
,
20000
00000
30000
00000
10100
00000
00000
00001
00100
00000
00010
00000
01000
00000
00100
00000
,
10100
00000
00000
00000
00101
00000
00000
00000
10001
00000
00000
00000
01000
00100
01000
00100
,
20000
00000
00000
00000
00010
00000
00010
00000
30010
00000
00000
00000
00010
00100
00010
00100
,
00002
00000
00000
00000
01000
00000
01000
00000
01003
00000
01000
00000
00100
00000
10000
00001
,
00100
00100
00100
00100
02020
03030
00010
00100
,
10001
00000
00100
00000
01000
00000
00010
00100
00002
00003
00010
00100
02000
00000
03000
00000
,
00010
00100
00010
00100
00002
00003
20000
30000
00200
00300
02000
03000
00020
00030
00100
00010
,
01000
00100
01000
00100
20000
30000
00002
00003
00200
00300
00020
00030
02000
03000
00200
00300
,
02000
03000
00020
00030
10000
00001
00100
00010
02000
03000
00020
00030
00200
00300
00002
00000
,
10003
00000
20100
30000
00001
00000
00102
00003
,
20001
00100
00000
00010
,
00000
00100
00000
30001
,
00002
00100
00000
01003
,
01001
00000
10010
00000
01001
00100
10010
00000
,
00010
00100
00010
00000
01000
00000
00100
00000
10000
00000
00001
00000
00200
00000
00300
00000
,
00001
00100
00001
00000
10000
00000
00100
00000
01000
00000
00010
00000
00200
00000
00300
00000
,
00010
00000
01000
00000
00100
00000
10000
00001
00100
00000
00001
00000
20000
00000
30000
00000
,
00200
00000
00300
00000
02000
03000
00020
00000
00000
00000
00030
00000
00100
00000
00010
01000
,
00100
01000
00010
10000
00001
00000
00100
00000
,
02020
00000
00000
00000
,
00000
00000
00000
00000
00000
00000
00000
00000
00000
03030
00000
00000
00001
00100
00001
00100
,
00020
00000
00000
00000
10000
00000
10000
00000
10030
00000
00000
00000
10000
00100
10000
00100
,
02000
00000
00000
00000
00001
00000
00001
00000
03001
00000
00001
00000
00100
00000
00010
01000
,
00100
00100
00100
00100
20002
30003
10000
00100
,
01010
00000
00100
00000
00001
00000
01000
00100
20000
30000
01000
00100
00020
00000
00030
00000
,
10000
00100
10000
00100
02000
03000
00020
00030
00200
00300
00002
00003
20000
30000
00100
10000
,
00001
00100
00001
00100
00020
00030
02000
03000
00200
00300
20000
30000
00002
00003
00200
00300
,
00002
00003
20000
30000
00010
01000
00100
10000
00002
00003
20000
30000
00200
00300
02000
00000
,
03010
00000
00120
00030
01000
00000
02100
03000
,
01110
00000
00000
00000
;