00000
00000
00000
00000
,
00000
00000
00000
00000
,
00000
00000
00000
00000
,
01000
00100
01000
01000
,
00010
00100
00010
00010
,
10000
00100
10000
10000
,
00001
00000
00000
00000
,
10000
10000
00001
00001
,
00100
00100
00010
00010
,
01000
01000
00100
00100
,
10100
00101
10001
00000
,
00001
00001
10000
10000
,
00100
00100
01000
01000
,
00010
00010
00100
00100
,
00001
10000
00100
00100
,
01010
10001
10000
10000
,
00001
00001
00100
00100
,
00010
00100
00010
00000
01000
00100
01000
00000
,
00001
00100
00001
00000
10000
00100
10000
00000
,
10001
01010
00010
00010
,
01000
01000
00100
00100
,
10000
00100
10000
00000
00001
00100
00001
00000
,
01000
00100
01000
00000
00010
00100
00010
00000
,
10010
00100
01001
00100
,
10010
00000
00000
00000
,
00010
00010
01000
01000
,
00100
00100
10000
10000
,
00001
00001
00100
00100
,
00110
01100
01010
00000
,
01000
01000
00010
00010
,
00100
00100
00001
00001
,
10000
10000
00100
00100
,
01000
00010
00100
00100
,
00002
00000
00003
00000
,
20000
00000
30000
00000
,
00020
00000
00030
00000
,
02000
00000
03000
00000
,
00200
00000
00300
00000
,
20000
00000
30000
00000
,
00002
00000
00003
00000
,
00200
00300
00100
00100
,
01010
10001
00001
00001
,
10000
10000
00100
00100
,
01000
00100
01000
00000
00010
00100
00010
00000
,
10000
00100
10000
00000
00001
00100
00001
00000
,
10001
01010
01000
01000
,
00010
00010
00100
00100
,
00001
00100
00001
00000
10000
00100
10000
00000
,
00010
00100
00010
00000
01000
00100
01000
00000
,
01001
00100
10010
00100
,
01001
10010
01001
10010
,
01001
00100
10010
00100
,
01001
10010
01001
10010
,
01001
00100
10010
00100
,
01001
10010
01001
10010
,
10001
00000
10001
00100
,
01010
00000
01010
00100
,
20002
00000
30003
00000
;