00000
00000
00000
00000
,
00000
00000
00000
00000
,
00000
00000
00000
00000
00000
00000
10000
00100
,
02100
03000
00001
02100
03000
00002
00003
00100
,
00001
10000
10100
10000
10010
10000
00001
00100
,
00102
00003
10000
00102
00003
02000
03000
00010
,
00100
00001
01001
00001
00101
00001
10000
00100
,
02100
03000
00010
02100
03000
00002
00003
10000
,
00120
00000
00030
00000
01000
00000
00010
01000
00020
00030
00000
00000
01000
00000
00100
00000
,
02100
03000
00001
20100
30000
00020
00030
01000
,
00100
20000
00002
00000
00000
00000
00000
00000
00000
00000
30003
00000
00000
00000
10000
00000
,
00100
10000
00010
10000
00100
02000
03000
00001
,
00100
00001
01000
00001
00100
00020
00030
00000
,
01000
00100
01000
00001
01000
00200
00300
01000
,
00010
00100
00010
10000
00010
00200
00300
00000
,
00010
00100
00001
10000
00001
00200
00300
00010
,
01000
00000
00000
00000
00000
00000
00100
00000
00000
00000
00000
00000
10000
00000
00000
00000
00000
00000
00001
00000
00000
00000
00000
00000
10000
00000
00000
00000
00000
00000
00010
00100
20000
00000
00000
00000
00000
00000
00000
30000
00000
00000
00000
00000
00000
00000
00000
00000
,
00000
00000
00000
00000
00000
00000
10000
00100
00002
00000
00000
00000
00000
00000
00000
00003
00000
00000
00000
00000
00000
00000
00000
00000
00000
00000
00000
00000
00000
00000
00000
00000
00000
00000
00000
00000
00001
00100
02000
00000
00000
00000
00000
00000
00000
03000
00000
00000
,
00000
00000
00000
00000
00000
00000
01000
00100
00020
00000
00000
00000
00000
00000
00000
00030
00000
00000
01000
00000
00000
00000
00000
00000
00100
00000
00000
00000
00000
00000
10000
00000
00000
00000
00000
00000
00001
00000
00000
00000
00000
00000
00100
00000
00000
00000
00000
00000
,
00010
10000
00010
00100
00001
10000
00100
01000
,
00010
00100
00010
01000
00001
10000
00100
01000
,
00001
01000
00100
10000
00001
00100
00010
10000
,
00010
00000
00100
00000
00001
00000
10000
00000
00100
00000
02100
00000
00000
03000
00000
00000
,
10010
00000
00102
00000
00000
00003
00000
00000
00000
00000
00000
00000
02001
00000
03000
00000
,
00000
01100
10010
00010
00100
20001
00000
00000
,
00100
02000
00000
00000
33000
00000
11000
10000
,
00001
00000
00000
00000
00000
00000
01000
00100
00020
00000
00000
00000
00000
00000
00000
00000
00000
00000
00030
00000
00000
00000
00000
00000
01000
00000
00000
00100
00000
00000
10000
00000
00000
00000
00000
00000
10001
00000
00000
00000
00000
00000
10000
00000
00000
00000
00000
00000
,
00100
00000
00000
00000
00000
00000
01000
00000
00000
00000
00000
00000
00010
00100
01000
00000
00000
00000
00000
00000
00000
01000
00100
00010
00000
00000
00000
00000
00000
00000
10000
00000
00000
00000
00000
00000
00001
00000
00000
10000
00000
00000
00001
00000
00000
00000
00000
00000
,
00100
00010
01000
00100
10000
00010
10010
00010
,
00100
00001
01001
01000
00100
10000
10010
10000
,
00001
00000
00000
00000
00000
00000
01000
00100
00020
00000
00000
00000
00000
00000
00000
00000
00000
00000
00030
00000
00000
00000
00000
00000
01000
00000
00000
00100
00000
00000
10000
00000
00000
00000
00000
00000
10001
00000
00000
00000
00000
00000
10000
00000
00000
00000
00000
00000
,
00100
00000
00000
00000
00000
00000
01000
00000
00000
00000
00000
00000
00010
00100
01000
00000
00000
00000
00000
00000
00000
01000
00100
00010
00000
00000
00000
00000
00000
00000
10000
00000
00000
00000
00000
00000
00001
00000
00000
10000
00000
00000
00001
00000
00000
00000
00000
00000
,
00100
00000
00010
00000
01000
00000
00100
00000
10000
00000
02000
03000
00100
00010
01000
00100
,
10000
00001
00100
00010
00001
00100
10000
00001
00100
00020
02000
00000
00000
00000
00000
00000
,
03030
00000
01000
00100
10000
00001
10000
00100
,
02100
03000
00001
02100
03000
00002
00003
00100
,
00001
10000
10100
10000
10010
10000
00001
00100
,
00102
00003
10000
00102
00003
02000
03000
00010
,
00100
00001
01001
00001
00101
00001
10000
00100
,
02100
03000
00010
02100
03000
00002
00003
10000
,
00120
00000
00030
00000
01000
00000
00010
01000
00020
00030
00000
00000
01000
00000
00100
00000
,
02100
03000
00001
20100
30000
00020
00030
01000
,
00100
20000
00002
00000
00000
00000
30003
00000
00000
00000
10000
00100
01000
00000
00000
01100
,
00000
00000
01000
00001
00100
00000
00000
00101
00000
00000
00100
00001
10000
00000
00100
00000
,
01000
00010
00100
00001
00010
00000
00000
00011
00000
00000
00010
00001
00100
00010
00000
01000
,
00000
00100
10000
00000
00000
00000
20100
30000
00000
00000
10002
00003
00100
00001
00010
00100
,
01000
00010
00100
00001
10000
00000
00100
01000
00000
00000
00000
00000
00101
00000
00000
01001
,
00000
01000
00100
10000
10100
00000
00000
10010
00000
00000
00010
00100
00001
00010
00100
01000
,
10000
01000
00100
00010
00001
00100
00010
01000
00100
00000
10000
00000
01000
10000
00100
01000
,
00010
00100
00001
00010
00100
01000
00010
00100
00001
10000
00100
00000
01010
00000
00000
10010
,
00000
00000
10001
00000
01001
00000
00000
10010
00000
00000
01010
00000
20102
00000
00000
00000
,
00000
00000
00000
00000
,
00000
00000
00000
00000
00000
00000
00000
00000
00000
00000
00000
30003
00000
00000
00000
00000
,
10101
00000
00000
00000
00000
00000
00000
00000
00000
00000
00000
00000
00010
00100
01000
00000
00000
00000
00000
00000
00000
01000
00100
00010
00000
00000
00000
00000
00000
00000
10000
00000
00000
00000
00000
00000
00001
00000
00000
10000
00000
00000
00001
00000
00000
00000
00000
00000
,
00100
00010
01000
00100
10000
00010
10010
00010
,
00100
00001
01001
01000
00100
10000
10010
00010
,
01000
00000
00000
00000
00000
00000
00001
00100
20000
00000
00000
00000
00000
00000
00000
00000
00000
00000
30000
00000
00000
00000
00000
00000
00001
00000
00000
00100
00000
00000
00010
00000
00000
00000
00000
00000
01010
00000
00000
00000
00000
00000
00010
00000
00000
00000
00000
00000
,
00100
00000
00000
00000
00000
00000
00001
00000
00000
00000
00000
00000
10000
00100
00001
00000
00000
00000
00000
00000
00000
00001
00100
10000
00000
00000
00000
00000
00000
00000
00010
00000
00000
00000
00000
00000
01000
00000
00000
00010
00000
00000
01000
00000
00000
00000
00000
00000
,
00100
00000
10000
00000
00001
00000
00100
00000
00010
00000
00002
00003
00100
10000
00001
00100
,
00010
01000
00100
10000
01000
00100
00010
01000
00100
20000
00002
00000
00000
00000
00000
00000
,
30003
00000
01000
00010
00100
00001
10000
00100
,
10100
10000
00001
00100
00101
00001
10000
00100
,
01000
00010
00110
00010
10010
00010
00100
00001
,
00101
00001
10000
00100
10100
10000
00001
00100
,
00010
01000
01100
01000
01001
01000
00100
10000
,
10100
10000
00001
00100
00101
00001
10000
00100
,
01000
00000
00010
00000
00100
00010
01000
00100
20000
00000
30000
00000
00010
00000
00100
00000
,
00001
00010
00200
00300
01000
00100
10000
01000
00100
00010
01000
00100
10000
00001
01000
00010
,
00100
00002
20000
00000
00000
00000
00000
00000
00000
30003
00000
00000
10101
00000
00000
00000
;