//---------------pump-double - d22----------------
#NOTEDATA:;
#CHARTNAME:;
#STEPSTYPE:pump-double;
#DESCRIPTION:d22;
#CHARTSTYLE:;
#DIFFICULTY:Challenge;
#METER:22;
#RADARVALUES:1.000000,1.000000,0.066975,1.000000,0.941832,742.000000,8.000000,233.000000,0.000000,37.000000,0.000000,0.000000,0.000000,1.000000,1.000000,0.066975,1.000000,0.941832,742.000000,8.000000,233.000000,0.000000,37.000000,0.000000,0.000000,0.000000;
#CREDIT:Andamiro;
#OFFSET:
-0.066000
;
#BPMS:
0.000000=87.500000
,8.000000=175.000000
,176.000000=350.000000
,177.000000=175.000000
;
#STOPS:;
#DELAYS:;
#WARPS:;
#TIMESIGNATURES:0.000000=4=4
;
#TICKCOUNTS:0.000000=4
,8.000000=8
,39.000000=6
,40.000000=1
,55.000000=8
,68.000000=6
,71.000000=8
,136.500000=0
,168.000000=16
,168.250000=0
,170.000000=16
,170.250000=0
,171.000000=16
,171.250000=0
,172.000000=16
,172.250000=0
,174.000000=16
,174.250000=0
,175.000000=16
,175.250000=0
,176.000000=16
,176.500000=0
,178.500000=16
,178.750000=0
,179.500000=16
,179.750000=0
,180.000000=16
,180.250000=0
,182.500000=8
,196.500000=6
,200.500000=8
,214.500000=4
,215.500000=8
,230.500000=4
,231.500000=2
,234.000000=0
,234.500000=2
,238.000000=0
,238.500000=2
,242.000000=0
,242.500000=2
,246.000000=0
,246.500000=2
,247.500000=8
,328.500000=1
;
#COMBOS:0.000000=1
;
#SPEEDS:
0.000000=1.000000=0.000000=0
;
#SCROLLS:
0.000000=1.000000
,176.000000=0.500000
,177.000000=1.000000
;
#FAKES:;
#LABELS:0.000000=Song Start
;
#DISPLAYBPM:175.000000;
#NOTES:
0000000000
0000000000
0000000000
0000000000
,
0000000000
0000000000
0000000000
0000000000
,
0000010000
0000000000
0000100000
0000000000
0000000100
0000000000
0000000000
0000000000
0000100000
0000010000
0000100000
0000000000
0000010000
0000100000
0000010000
0000000000
,
0000100000
0000000000
0000010000
0000000000
0010000000
0000000000
0000000000
0000000000
0000010000
0000100000
0000010000
0000000000
0000100000
0000010000
0000100000
0000000000
,
0000010000
0000000000
0000100000
0000000000
0000000100
0000000000
0000000000
0000000000
0000100000
0000010000
0000100000
0000000000
0000010000
0000100000
0000010000
0000000000
,
0010000000
0000000000
0000000000
0000000000
0010000000
0000000000
0000000000
0000000000
0000010000
0000000000
0000000000
0000000000
0000100000
0000000000
0000000000
0000000000
0000000100
0000000000
0000000000
0000000000
0000000100
0000000000
0000000000
0000000000
0000100000
0000010000
0000100000
0000010000
0000100000
0000000000
0000000000
0000000000
,
0000001000
0000000000
0001000000
0000000000
0000000100
0000000000
0000000000
0000000000
0001000000
0000001000
0001000000
0000000000
0000001000
0001000000
0000001000
0000000000
,
0001000000
0000000000
0000001000
0000000000
0010000000
0000000000
0000000000
0000000000
0000001000
0001000000
0000001000
0000000000
0001000000
0000001000
0001000000
0000000000
,
0000000100
0000000000
0000000100
0000000000
0000000100
0000000000
0000100000
0000010000
0010000000
0000000000
0010000000
0000000000
0010000000
0000000000
0000010000
0000000000
,
0001000000
0000000000
0000000000
0001000000
0000000000
0000000000
0000001000
0000000000
0000000000
0000001000
0000000000
0000000000
0000100000
0000000000
0000000000
0000010000
0000000000
0000000000
0000100000
0000010000
0000100000
0000010000
0000100000
0000010000
,
0000220000
0000000000
0000000000
0000000000
,
0000000000
0000000000
0000000000
0000000000
,
0000000000
0000000000
0000000000
0000000000
,
0000000000
0000000000
0000000000
0000330000
,
0001001000
0000000000
0000010000
0000100000
0000010000
0000100000
0000010000
0000100000
0000010000
0000100000
0000010000
0000100000
0000010000
0000100000
0000010000
0000100000
,
0000010000
0000100000
0000010000
0000100000
0000010000
0000100000
0000010000
0000100000
0000010000
0000100000
0000010000
0000100000
0000010000
0000100000
0000010000
0000100000
,
0000010000
0000100000
0000010000
0000100000
0000010000
0000100000
0000010000
0000100000
0000010000
0000100000
0000010000
0000100000
0000010000
0000100000
0000010000
0000100000
,
0000010000
0000100000
0000010000
0000100000
0000010000
0000100000
0000010000
0000100000
0000010000
0000100000
0000010000
0000100000
0000010000
0000100000
0000010000
0000100000
0000010000
0000100000
0000220000
0000000000
0000000000
0000330000
0000000000
0000000000
,
0002000000
0000000000
0000000000
0003000000
0000200000
0000000000
0000000000
0000300000
0020000000
0000000000
0000000000
0030000000
0002000000
0000000000
0000000000
0003000000
0000200000
0000000000
0000000000
0000300000
0000002000
0000000000
0000000000
0000003000
0002000000
0000000000
0000000000
0003000000
0000020000
0000000000
0000000000
0000030000
,
0000002000
0000000000
0000000000
0000003000
0000000200
0000000000
0000000000
0000000300
0000020000
0000000000
0000000000
0000030000
0000002000
0000000000
0000000000
0000003000
0000000200
0000000000
0000000000
0000000300
0000000020
0000000000
0000000000
0000000030
0000002000
0000000000
0000000000
0000003000
0000000002
0000000000
0000000000
0000000003
,
0000020000
0000000000
0000000000
0000030000
0000000200
0000000000
0000000000
0000000300
0000002000
0000000000
0000000000
0000003000
0000020000
0000000000
0000000000
0000030000
0002000000
0000000000
0000000000
0003000000
0000002000
0000000000
0000000000
0000003000
0000200000
0000000000
0000000000
0000300000
0002000000
0000000000
0000000000
0003000000
,
0020000000
0000000000
0000000000
0030000000
0000200000
0000000000
0000000000
0000300000
0002000000
0000000000
0000000000
0003000000
0020000000
0000000000
0000000000
0030000000
0200000000
0000000000
0000000000
0300000000
0002000000
0000000000
0000000000
0003000000
2000000000
0000000000
0000000000
3000000000
0000200000
0000000000
0000000000
0000300000
,
0020000000
0000000000
0000000000
0030000000
0002000000
0000000000
0000000000
0003000000
0000200000
0000000000
0000000000
0000300000
0000002000
0000000000
0000000000
0000003000
0000200000
0000000000
0000000000
0000300000
0002000000
0000000000
0000000000
0003000000
0020000000
0000000000
0000000000
0030000000
0000200000
0000000000
0000000000
0000300000
,
0002000000
0000000000
0000000000
0003000000
0000020000
0000000000
0000000000
0000030000
0000002000
0000000000
0000000000
0000003000
0000000200
0000000000
0000000000
0000000300
0000002000
0000000000
0000000000
0000003000
0000020000
0000000000
0000000000
0000030000
0000200000
0000000000
0000000000
0000300000
0002000000
0000000000
0000000000
0003000000
,
0020000000
0000000000
0000000000
0030000000
0000200000
0000000000
0000000000
0000300000
0002000000
0000000000
0000000000
0003000000
0000002000
0000000000
0000000000
0000003000
0000020000
0000000000
0000000000
0000030000
0000000200
0000000000
0000000000
0000000300
0000002000
0000000000
0000000000
0000003000
0000020000
0000000000
0000000000
0000030000
,
0001000000
0000000000
0000000000
0000000000
0001000000
0000000000
0000000000
0000000000
0000001000
0000000000
0000000000
0000000000
0000001000
0000000000
0000000000
0000000000
0000100000
0000000000
0000010000
0000000000
0000100000
0000000000
0000010000
0000000000
0000100000
0000010000
0000100000
0000010000
0000100000
0000010000
0000100000
0000010000
,
0000200000
0000000000
0000000000
0000300000
0002000000
0000000000
0000000000
0003000000
0020000000
0000000000
0000000000
0030000000
0000200000
0000000000
0000000000
0000300000
0002000000
0000000000
0000000000
0003000000
0020000000
0000000000
0000000000
0030000000
0200000000
0000000000
0000000000
0300000000
0002000000
0000000000
0000000000
0003000000
,
0000200000
0000000000
0000000000
0000300000
0000020000
0000000000
0000000000
0000030000
0000002000
0000000000
0000000000
0000003000
0000000200
0000000000
0000000000
0000000300
0000020000
0000000000
0000000000
0000030000
0000002000
0000000000
0000000000
0000003000
0000000200
0000000000
0000000000
0000000300
0000000020
0000000000
0000000000
0000000030
,
0000002000
0000000000
0000000000
0000003000
0000020000
0000000000
0000000000
0000030000
0000200000
0000000000
0000000000
0000300000
0002000000
0000000000
0000000000
0003000000
0020000000
0000000000
0000000000
0030000000
0000200000
0000000000
0000000000
0000300000
2000000000
0000000000
0000000000
3000000000
0020000000
0000000000
0000000000
0030000000
,
0200000000
0000000000
0000000000
0300000000
0002000000
0000000000
0000000000
0003000000
0000200000
0000000000
0000000000
0000300000
0000020000
0000000000
0000000000
0000030000
0000002000
0000000000
0000000000
0000003000
0000000200
0000000000
0000000000
0000000300
0000020000
0000000000
0000000000
0000030000
0000000002
0000000000
0000000000
0000000003
,
0000000020
0000000000
0000000000
0000000030
0000000200
0000000000
0000000000
0000000300
0000002000
0000000000
0000000000
0000003000
0000020000
0000000000
0000000000
0000030000
0002000000
0000000000
0000000000
0003000000
0000020000
0000000000
0000000000
0000030000
0000002000
0000000000
0000000000
0000003000
0000000200
0000000000
0000000000
0000000300
,
0000020000
0000000000
0000000000
0000030000
0000002000
0000000000
0000000000
0000003000
0000200000
0000000000
0000000000
0000300000
0002000000
0000000000
0000000000
0003000000
0020000000
0000000000
0000000000
0030000000
0002000000
0000000000
0000000000
0003000000
0000100000
0000000000
0001000000
0000000000
0000100000
0000000000
0000000000
0000000000
,
0000020000
0000000000
0000000000
0000030000
0002000000
0000000000
0000000000
0003000000
0000020000
0000000000
0000000000
0000030000
0000002000
0000000000
0000000000
0000003000
0000000200
0000000000
0000000000
0000000300
0000020000
0000000000
0000000000
0000030000
0000002000
0000000000
0000000000
0000003000
0000200000
0000000000
0000000000
0000300000
,
0000001000
0000100000
0000001000
0000000000
0001000000
0000000000
0000010000
0000000000
0001000000
0000010000
0001000000
0000000000
0000010000
0000000000
0000100000
0000000000
,
0020000200
0000000000
0000000000
0000000000
,
0000000000
0000000000
0000000000
0000000000
,
0000000000
0000000000
0000000000
0000000000
,
0000000000
0000000000
0000000000
0000000000
,
0000000000
0000000000
0000000000
0000000000
,
0000000000
0000000000
0000000000
0000000000
,
0000000000
0000000000
0000000000
0000000000
,
0000000000
0000000000
0000000000
0000000000
,
0000010000
0000000000
0000100000
0000010000
,
0000010000
0000000000
0000010000
0000100000
,
0000110000
0000000000
0000000000
0000000000
0000000000
0000100000
0000000000
0000100000
,
0000010000
0000000000
0000000000
0000000000
0000000000
0030110300
0000000000
0001000000
,
0000001000
0000000000
0000100000
0000010000
0000100000
0000010000
0000100000
0000010000
0000100000
0000010000
0000100000
0000010000
0000100000
0000010000
0000100000
0000010000
,
0000100000
0000010000
0000100000
0000010000
0000100000
0000010000
0000100000
0000010000
0000100000
0000010000
0000100000
0000010000
0000100000
0000010000
0000100000
0000010000
,
0000100000
0000010000
0000100000
0000010000
0000100000
0000010000
0000100000
0000010000
0000100000
0000010000
0000100000
0000010000
0000100000
0000010000
0000100000
0000010000
,
0000100000
0000000000
0000000000
0000010000
0000000000
0000000000
0000100000
0000000000
0000010000
0000000000
0000100000
0000000000
0000010000
0000000000
0000100000
0000000000
0000010000
0000000000
0000100000
0000000000
0000010000
0000000000
0000100000
0000000000
0000010000
0000000000
0000100000
0000000000
0000010000
0000000000
0000100000
0000000000
0000010000
0000000000
0000100000
0000000000
0000010000
0000000000
0000100000
0000000000
0000010000
0000000000
0000100000
0000000000
0000010000
0000000000
0000100000
0000000000
,
0000010000
0000000000
0000100000
0000000000
0000010000
0000000000
0000100000
0000000000
0000000000
0000000000
0000000000
0000000000
0001000000
0000000000
0000000000
0000000000
0000000000
0000000000
0010000000
0000000000
0000000000
0000100000
0000000000
0000000000
0001000000
0000000000
0000000000
0000000000
0000000000
0000000000
0000001000
0000000000
0000000000
0000000000
0000000000
0000000000
0000010000
0000000000
0000000000
0000000000
0000000000
0000000000
0000000100
0000000000
0000000000
0000001000
0000000000
0000000000
,
0000010000
0000000000
0000001000
0000000000
0000000100
0000000000
0000010000
0000001000
0000100000
0001000000
0010000000
0000000000
0000100000
0000000000
0001000000
0000001000
,
0000100000
0000010000
0000001000
0000000000
0000000100
0000000000
0000010000
0000001000
0001000000
0000000000
0000100000
0000000000
0010000000
0000000000
0001000000
0000100000
,
0000010000
0000000000
0000000000
0000000000
0000001000
0000000000
0000000000
0000000000
0000000100
0000000000
0000000000
0000000000
0000010000
0000000000
0000000000
0000000000
0000001000
0000000000
0001000000
0000000000
0000010000
0000000000
0000100000
0000000000
0000010000
0000000000
0000100000
0000000000
0000010000
0000100000
0000010000
0000100000
,
0000010000
0000100000
0000010000
0000100000
0000010000
0000000000
0000000000
0000000000
0000001000
0000000000
0000000000
0000000000
0000000100
0000000000
0000010000
0000000000
0000001000
0000000000
0000000000
0000000000
0001000000
0000000000
0000000000
0000000000
0000100000
0000000000
0000000000
0000000000
0010000000
0000000000
0001000000
0000000000
,
0000100000
0000000000
0000010000
0000000000
0000001000
0000000000
0000000100
0000010000
0000001000
0000000000
0001000000
0000000000
0000100000
0000000000
0010000000
0001000000
,
0000100000
0000000000
0000010000
0001000000
0000010000
0001000000
0000001000
0001000000
0000001000
0001000000
0000001000
0000100000
0000001000
0000100000
0000010000
0000100000
,
0000010000
0000000000
0000100000
0000000000
0000010000
0000100000
0000010000
0000100000
0000010000
0000100000
0000010000
0000100000
0000010000
0000100000
0000010000
0000100000
0000010000
0000100000
0000010000
0000100000
0000020000
0000000000
0000030000
0000000000
0000200000
0000000000
0000300000
0000000000
0000000200
0000000000
0000000000
0000000000
,
0020000000
0000010000
0000100000
0000010000
0000000000
0000100000
0000010000
0000100000
,
0000010000
0000100000
0000010000
0000100000
0000000000
0000010000
0000100000
0000010000
,
0000100000
0000010000
0000100000
0000010000
0000000000
0000100000
0000010000
0000100000
,
0000010000
0000000000
0000000000
0000000000
0000100000
0000000000
0000000000
0000000000
0000010000
0000000000
0000000000
0000000000
0000100000
0000000000
0000000000
0000000000
0000000000
0000000000
0000000000
0000000000
0000010000
0000000000
0000000000
0000000000
0030100300
0000000000
0000000000
0000000000
0000000200
0000000000
0000000000
0000000300
,
0000100000
0000000000
0000010000
0000000000
0020000000
0000000000
0000000000
0030000000
0002000000
0000000000
0000000000
0003000000
0000200000
0000000000
0000000000
0000300000
0000002000
0000000000
0000000000
0000003000
0000200000
0000000000
0000000000
0000300000
0002000000
0000000000
0000000000
0003000000
0020000000
0000000000
0000000000
0030000000
,
0000200000
0000000000
0000000000
0000300000
0002000000
0000000000
0000000000
0003000000
0000020000
0000000000
0000000000
0000030000
0000002000
0000000000
0000000000
0000003000
0000000200
0000000000
0000000000
0000000300
0000002000
0000000000
0000000000
0000003000
0000020000
0000000000
0000000000
0000030000
0000200000
0000000000
0000000000
0000300000
,
0002000000
0000000000
0000000000
0003000000
0020000000
0000000000
0000000000
0030000000
0000200000
0000000000
0000000000
0000300000
2000000000
0000000000
0000000000
3000000000
0020000000
0000000000
0000000000
0030000000
0200000000
0000000000
0000000000
0300000000
0002000000
0000000000
0000000000
0003000000
0020000000
0000000000
0000000000
0030000000
,
0000200000
0000000000
0000000000
0000300000
0001000000
0000000000
0000000000
0000000000
0001000000
0000000000
0000000000
0000000000
0000010000
0000000000
0000000000
0000000000
0000010000
0000000000
0000000000
0000000000
0000100000
0000000000
0000010000
0000000000
0000100000
0000000000
0000010000
0000000000
0000100000
0000010000
0000100000
0000010000
,
0000100000
0000010000
0000100000
0000010000
0000200000
0000000000
0000000000
0000300000
0002000000
0000000000
0000000000
0003000000
0020000000
0000000000
0000000000
0030000000
0000200000
0000000000
0000000000
0000300000
0002000000
0000000000
0000000000
0003000000
0020000000
0000000000
0000000000
0030000000
0200000000
0000000000
0000000000
0300000000
,
0002000000
0000000000
0000000000
0003000000
0000200000
0000000000
0000000000
0000300000
0000020000
0000000000
0000000000
0000030000
0000002000
0000000000
0000000000
0000003000
0000000200
0000000000
0000000000
0000000300
0000020000
0000000000
0000000000
0000030000
0000002000
0000000000
0000000000
0000003000
0000000200
0000000000
0000000000
0000000300
,
0000000020
0000000000
0000000000
0000000030
0000002000
0000000000
0000000000
0000003000
0000020000
0000000000
0000000000
0000030000
0000200000
0000000000
0000000000
0000300000
0002000000
0000000000
0000000000
0003000000
0020000000
0000000000
0000000000
0030000000
0000200000
0000000000
0000000000
0000300000
2000000000
0000000000
0000000000
3000000000
,
0020000000
0000000000
0000000000
0030000000
0200000000
0000000000
0000000000
0300000000
0002000000
0000000000
0000000000
0003000000
0000200000
0000000000
0000000000
0000300000
0000020000
0000000000
0000000000
0000030000
0000002000
0000000000
0000000000
0000003000
0000000200
0000000000
0000000000
0000000300
0000020000
0000000000
0000000000
0000030000
,
0000000002
0000000000
0000000000
0000000003
0000000020
0000000000
0000000000
0000000030
0000000200
0000000000
0000000000
0000000300
0000002000
0000000000
0000000000
0000003000
0000020000
0000000000
0000000000
0000030000
0002000000
0000000000
0000000000
0003000000
0000020000
0000000000
0000000000
0000030000
0000002000
0000000000
0000000000
0000003000
,
0000000200
0000000000
0000000000
0000000300
0000020000
0000000000
0000000000
0000030000
0000002000
0000000000
0000000000
0000003000
0000200000
0000000000
0000000000
0000300000
0002000000
0000000000
0000000000
0003000000
0020000000
0000000000
0000000000
0030000000
0002000000
0000000000
0000000000
0003000000
0000100000
0000000000
0001000000
0000000000
,
0000100000
0000000000
0000000000
0000000000
0000020000
0000000000
0000000000
0000030000
0002000000
0000000000
0000000000
0003000000
0000020000
0000000000
0000000000
0000030000
0000002000
0000000000
0000000000
0000003000
0000000200
0000000000
0000000000
0000000300
0000020000
0000000000
0000000000
0000030000
0000002000
0000000000
0000000000
0000003000
,
0000200000
0000000000
0000000000
0000300000
0000010000
0000000000
0000100000
0000000000
0000010000
0000000000
0000100000
0000000000
0000010000
0000000000
0000100000
0000000000
0000010000
0000000000
0000100000
0000000000
0000010000
0000000000
0000100000
0000000000
0000010000
0000000000
0000100000
0000000000
0000110000
0000000000
0000000000
0000000000
,
0000000000
0000000000
0000000000
0000000000
0020000000
0000000000
0000000000
0030000000
0002000000
0000000000
0000000000
0003000000
0000200000
0000000000
0000000000
0000300000
0000002000
0000000000
0000000000
0000003000
0002000000
0000000000
0000000000
0003000000
0000020000
0000000000
0000000000
0000030000
0000002000
0000000000
0000000000
0000003000
,
0000000200
0000000000
0000000000
0000000300
0000020000
0000000000
0000000000
0000030000
0000000020
0000000000
0000000000
0000000030
0000000200
0000000000
0000000000
0000000300
0000000002
0000000000
0000000000
0000000003
0000000020
0000000000
0000000000
0000000030
0000000002
0000000000
0000000000
0000000003
0000020000
0000000000
0000000000
0000030000
,
0000000200
0000000000
0000000000
0000000300
0000002000
0000000000
0000000000
0000003000
0000020000
0000000000
0000000000
0000030000
0002000000
0000000000
0000000000
0003000000
0000002000
0000000000
0000000000
0000003000
0000200000
0000000000
0000000000
0000300000
0002000000
0000000000
0000000000
0003000000
0020000000
0000000000
0000000000
0030000000
,
0000200000
0000000000
0000000000
0000300000
2000000000
0000000000
0000000000
3000000000
0020000000
0000000000
0000000000
0030000000
0200000000
0000000000
0000000000
0300000000
0002000000
0000000000
0000000000
0003000000
0000200000
0000000000
0000000000
0000300000
0000002000
0000000000
0000000000
0000003000
0002000000
0000000000
0000000000
0003000000
,
0000020000
0000000000
0000000000
0000030000
0000100000
0000000000
0000010000
0000000000
0000100000
0000000000
0000010000
0000000000
0000100000
0000000000
0000010000
0000000000
0000100000
0000000000
0000010000
0000000000
0000100000
0000000000
0000010000
0000000000
0000100000
0000000000
0000010000
0000000000
0000100000
0000000000
0000010000
0000000000
,
0000100000
0000010000
0000100000
0000010000
0000100000
0000010000
0000100000
0000010000
0000100000
0000010000
0000100000
0000010000
0000100000
0000010000
0000100000
0000010000
,
0000100000
0000000000
0000010000
0000000000
0000100000
0000010000
0000100000
0000010000
0000100000
0000010000
0000100000
0000010000
0000100000
0000010000
0000100000
0000010000
0000100000
0000010000
0000100000
0000010000
0000100000
0000010000
0000100000
0000010000
0000100000
0000010000
0000100000
0000010000
0000100000
0000010000
0000100000
0000010000
,
0000100000
0000010000
0000100000
0000010000
0000100000
0000010000
0000100000
0000010000
0000100000
0000010000
0000100000
0000010000
0000100000
0000010000
0000100000
0000010000
0000100000
0000010000
0000100000
0000010000
0000100000
0000010000
0000100000
0000010000
0000100000
0000010000
0000100000
0000010000
0000100000
0000010000
0000100000
0000010000
,
0000100000
0000010000
0000100000
0000010000
0000220000
0000000000
0000000000
0000000000
0000000000
0000000000
0000000000
0000000000
0000000000
0000000000
0000000000
0000000000
0000000000
0000000000
0000000000
0000000000
0000000000
0000000000
0000000000
0000000000
0000000000
0000000000
0000000000
0000000000
0000000000
0000000000
0000000000
0000000000
,
0000000000
0000000000
0000000000
0000000000
,
0000000000
0000330000
0000000000
0000000000
0000000000
0000000000
0000000000
0000000000
;