00000
00000
00000
00000
,  // measure 1
10000
00100
10000
00000
00000
00000
20020
00000
00000
00000
00000
00000
00000
00000
00000
00000
,  // measure 2
30030
10110
00000
00000
01101
00000
00000
00000
,  // measure 3
00001
00100
00001
00000
00000
00000
00001
00100
00001
00000
00000
00000
01101
00000
20000
00000
,  // measure 4
00000
00000
00000
00000
00000
00000
00000
30000
00020
00000
00000
00000
00000
00000
00000
00030
,  // measure 5
00002
00000
00000
00000
00000
00000
00000
00000
00000
00000
00000
00003
00200
00000
00000
00300
,  // measure 6
20000
00000
00000
00000
00000
00000
00000
30000
00002
00000
00000
00000
00000
00000
00003
00000
,  // measure 7
00101
01100
00110
10100
,  // measure 8
00020
00000
00000
00000
00000
00000
00000
00030
00200
00000
00000
00300
00002
00000
00000
00003
,  // measure 9
20000
00000
00000
00000
00000
00000
00000
30000
00020
00000
00000
00000
00000
00000
00000
00030
,  // measure 10
02000
00000
00000
03000
20000
00000
00000
30000
00200
00000
00000
00300
00002
00000
00000
00003
,  // measure 11
20000
00000
00000
00000
00000
00000
00000
30000
00020
00000
00000
00000
00000
00000
00000
00030
,  // measure 12
02000
00000
00000
00000
00000
03000
00100
10000
00002
00000
00000
00000
00000
00000
00003
00000
,  // measure 13
10101
10101
00000
00000
00000
00000
00000
00000
,  // measure 14
00000
00000
10101
00000
00000
00000
00000
00000
10101
00000
00000
00000
00001
01000
00100
10000
,  // measure 15
00010
00000
00000
00000
00010
00000
01000
00000
00001
00000
00000
00001
00000
00000
00001
00000
,  // measure 16
00101
00000
00000
00000
00000
00000
00101
00000
01000
00000
00000
01000
00000
00000
01000
00000
,  // measure 17
01100
00000
00000
00000
00020
00000
00030
00000
10000
00000
00000
10000
00000
00000
10000
00000
,  // measure 18
00001
00000
00000
00001
00000
00000
00001
00000
02000
00000
00000
00000
00000
00000
03000
00000
,  // measure 19
00000
00000
00000
00000
00100
00000
10000
00000
00001
00000
00000
00001
00000
00000
00001
00000
,  // measure 20
00102
00000
00003
02000
00020
03030
01010
00000
,  // measure 21
20000
00000
00000
00000
00000
30000
00100
02000
00020
00000
00000
00000
00000
00000
00000
00000
,  // measure 22
00000
03030
00000
00000
00000
00000
00000
00000
01010
00000
00000
00000
00010
00000
01000
00000
00001
00000
00000
00001
00000
00000
00001
00000
00102
00000
00000
00000
00000
00003
01000
00000
,  // measure 23
00010
00000
00000
00010
00000
00000
00010
00000
10000
00000
00000
00000
10100
00000
00000
00000
00001
00000
00000
00001
00000
00000
00001
00000
01000
00000
00000
01000
00000
00000
01000
00000
,  // measure 24
00020
00000
00000
00000
00030
00000
00000
00000
00110
00000
00000
00000
02000
00000
00000
03000
00001
00000
00000
00001
00000
00000
00001
00000
20000
00000
00000
00000
30000
00000
10100
00000
,  // measure 25
10000
00000
00002
00000
00003
00000
01000
00000
00020
00000
00000
00000
00000
00000
00000
00000
00030
00000
00010
00000
00100
00000
00001
00000
10000
00000
00000
10000
00000
00000
10000
00000
,  // measure 26
00010
01000
00010
01000
00001
10000
00001
10000
00100
00000
00000
00000
10100
00000
00010
00000
00000
00000
00000
00000
00110
00000
00000
00000
01000
00000
00000
01000
00000
00000
01000
00000
,  // measure 27
01100
00000
00000
00000
01100
00000
00001
00000
00001
00100
00001
00000
00000
00000
02002
00000
00000
00000
00000
00000
00000
00000
00000
00000
03003
00000
01101
00000
00000
00000
00000
00000
,  // measure 28
10110
00000
00000
00000
00010
01000
00010
01000
00001
00000
00000
00000
00101
00000
10000
00000
00000
00000
00000
00000
10100
00000
00000
00000
00001
00000
00000
00001
00000
00000
00001
00000
,  // measure 29
01000
00000
00000
00000
01100
00000
00010
00000
10000
00100
10000
00000
00000
00000
20020
00000
00000
00000
00000
00000
00000
00000
00000
00000
30030
00000
10110
00000
00000
00000
00000
00000
,  // measure 30
01101
00000
00000
00000
00101
00000
20000
00000
00000
00000
30000
00000
10110
00000
00000
00000
10100
00000
00001
00000
00010
00000
00100
01000
00020
00000
00000
00000
00030
00000
00100
00000
,  // measure 31
00001
00000
20000
00000
00000
30000
00020
00000
00000
00000
00030
00000
00110
00000
00000
00000
00110
00000
20000
00000
00000
30000
00002
00000
00000
00000
00000
00000
00003
00000
00101
00000
,  // measure 32
02000
00000
03000
00000
01100
00000
00100
10000
00002
00000
00000
00000
00003
00000
00101
00000
00001
00000
10000
00000
01000
00000
00100
00010
02000
00000
00000
00000
03000
00000
01100
00000
,  // measure 33
00001
00000
00000
00001
00000
00000
00001
00000
00000
00000
00101
00000
10000
00000
00000
00000
10100
00000
00010
00000
00000
00000
00110
00000
01000
00000
00000
00000
01100
00000
00001
00000
,  // measure 34
00100
00000
00100
00000
00010
01000
00010
01000
00100
10000
01000
00000
00100
00010
01000
00000
00100
10000
01000
00000
00100
00010
01000
00000
10000
00000
00100
00000
00001
00000
10000
00000
,  // measure 35
00100
00000
00002
00000
00003
00000
00010
00000
00100
00001
00010
00000
00100
01000
00010
00000
00100
00001
00010
00000
00100
01000
00010
00000
00001
00000
00100
00000
10000
00000
00002
00000
,  // measure 36
00000
00000
00003
00000
01001
00000
00000
00000
00010
00100
00010
00100
00010
10000
00010
10000
00001
10000
00001
10000
00001
01000
00001
01000
00100
01000
00100
01000
00010
00100
00001
10000
,  // measure 37
00010
01000
00100
10000
00001
00100
00010
00100
00001
10000
00100
01000
00010
10000
00100
01000
00001
01000
00100
10000
00001
00100
00010
00100
00002
00000
00000
00000
00000
00003
00100
00010
,  // measure 38
20000
00000
30000
00001
00100
00000
00101
00000
00100
00001
00010
00000
00100
01000
00010
00000
00100
00001
00010
00000
00100
01000
00010
00000
00001
00000
00100
00000
10000
00000
00001
00000
,  // measure 39
00100
00000
20000
00000
30000
00000
01000
00000
00100
10000
01000
00000
00100
00010
01000
00000
00100
10000
01000
00000
00100
00010
02000
00000
00000
00000
03000
00000
01100
00000
00002
00000
,  // measure 40
00000
00003
20000
00000
00000
30000
00020
00030
01000
00100
01000
00100
01000
00001
01000
00001
10000
00001
10000
00001
10000
00010
10000
00010
00100
00010
00100
00010
01000
00100
10000
00001
,  // measure 41
01000
00010
00100
00001
10000
00100
01000
00100
10000
00001
00100
00010
01000
00001
00100
00010
10000
00010
00100
00010
00001
00010
00100
01000
20000
00000
00000
00000
30000
00000
10010
00000
,  // measure 42
00000
00000
00000
00000
00010
01000
00010
01000
00001
00000
00000
00000
01000
00000
01000
00000
01100
00000
00000
00000
01001
00000
00000
00000
00001
00000
00000
00001
00000
00000
00001
00000
,  // measure 43
00101
00000
10000
00000
00000
00000
00000
00000
00100
00000
00100
00000
00000
00000
01000
00010
01000
00000
00000
00000
00000
00000
00100
00000
20002
00000
00000
00000
00000
00000
00000
00000
,  // measure 44
00000
00000
00000
30003
02000
00000
00000
00000
00000
03000
00100
10000
00001
00000
00102
00000
,  // measure 45
00000
00000
00000
00003
00000
00000
01000
00000
00100
00000
10000
00000
00002
00000
00000
00000
00003
00000
00100
00000
10000
00000
01000
00000
00100
00000
10000
00000
01000
00000
00100
00000
00010
00000
01000
00000
00100
00000
01000
00000
00001
00000
01000
00000
00100
00000
10000
00000
,  // measure 46
00001
00000
00000
00001
00000
00000
00001
00000
01000
00100
01000
00100
01000
00100
01000
00100
01000
00001
01000
00001
10000
00001
10000
00001
10000
00010
10000
00010
01000
00010
01000
00010
,  // measure 47
01000
10000
01000
10000
00010
00001
00010
00001
00100
00010
01000
00100
01000
00010
10000
00100
01000
00100
00010
00001
00010
00100
00010
00001
00100
10000
01000
00100
01000
10000
00100
00001
,  // measure 48
00010
10000
01000
00100
10000
01000
00100
00020
02000
00000
00000
00000
00000
03030
00000
01110
00000
00000
00000
00000
00000
10110
00000
00000
00000
00000
00000
01101
00000
00000
00000
00000
;