00000
00000
00000
00000
,
00000
00000
00000
00000
,
00000
00000
00000
00000
,
00000
00000
00000
00000
00000
00000
00000
00000
00000
00000
00000
00000
00010
01000
00100
00010
,
00002
00000
00000
00000
00000
00000
00000
00000
00000
00000
00000
00003
00020
00030
00200
00300
,
20000
30000
00020
00000
00000
00030
00002
00000
00000
00000
00000
00000
00000
00000
00000
00003
,
00200
00000
00000
00300
20000
00000
00000
30000
00002
00003
02000
00000
00000
00000
03010
00000
,
00010
10000
00010
10000
00010
10000
00010
10000
00100
01000
00010
00100
00010
01000
00100
10000
,
00001
00001
01001
00100
10000
10000
10010
00100
,
00001
00000
01000
00000
00100
00000
00000
00000
02020
00000
00000
03030
00000
00000
00000
00000
,
00010
00010
10010
00100
01000
01000
01001
00100
,
00010
00000
10000
00000
00100
00000
00000
00000
20002
00000
00000
30003
00000
00000
00000
00000
,
02000
03000
00020
00030
00002
00003
00200
00300
20000
30000
00020
00030
02000
03000
20000
30000
,
00200
00300
00002
00000
10003
00000
00000
00000
20100
00000
00000
00000
30010
00000
00000
00000
,
00020
00030
00200
00300
02000
03000
20000
30000
00200
00300
02000
03000
00020
00030
00200
00300
,
00001
10000
00001
10000
00001
10000
00001
10000
00100
01000
00010
00100
00001
00000
00101
00000
,
20000
00100
00100
00020
00030
00100
00100
00002
,
00000
00003
00100
02000
00000
33000
11000
00000
,
01000
00100
00020
00030
02000
03000
00200
00300
20000
30000
00002
00003
00200
00300
00020
00000
,
02000
00000
00000
03030
00000
00000
10000
10100
,
00002
00100
00100
02000
03000
00100
00100
20000
,
00000
30000
00100
00020
00000
00033
00011
00000
,
00010
00100
02000
03000
00200
00300
20000
30000
00002
00003
00200
00300
00020
00000
01030
00000
,
01000
00001
01000
00001
01000
00001
01000
00001
00100
00010
01000
00100
10000
00000
00100
00000
,
10100
00000
00001
00000
10100
00000
00001
00000
10100
00000
00020
00030
02000
03000
20000
30000
,
00200
00300
00002
00003
20000
00000
02000
00000
00000
00000
33000
00000
11000
00000
00000
00000
,
01000
10000
00200
00300
01000
10000
00200
00300
00002
00003
20000
30000
00200
00300
02000
00000
,
00000
00000
00000
03000
00020
00000
20000
00000
00030
00000
30000
00000
00001
00000
00100
00000
,
00101
00000
10000
00000
00101
00000
10000
00000
00101
00000
02000
03000
00020
00030
00002
00003
,
00200
00300
20000
30000
00002
00000
02000
00000
03003
00000
00001
00000
00101
00000
00000
00000
,
10001
10100
10001
00101
01001
00100
00000
10010
,
00100
10000
00100
10000
00100
10000
00100
10000
00001
00100
00001
10000
00100
01000
00010
00100
,
00002
00003
00010
00100
01000
00010
00100
01000
,
10000
00010
01000
20000
30000
01000
00010
00001
,
00100
10000
00001
00100
10000
01000
00100
10000
,
10010
00000
00000
00000
01001
00000
00000
00000
10010
00000
00010
00100
00010
00000
01000
00000
,
00100
10000
00001
00100
00010
01000
01100
00002
,
00003
00001
10000
00100
01000
00010
00120
00030
,
00010
10000
00100
01000
00001
00102
00003
00001
,
00001
00100
00001
10000
00001
00100
00001
10000
00100
01000
00010
00100
00001
10000
00100
01000
,
00010
00000
10000
00000
10000
00000
10000
00000
20000
30000
00001
00200
00300
00010
00000
00000
,
02000
03000
00001
00200
00300
00020
00030
20000
00000
00000
00000
00000
30000
00000
00010
00001
,
00020
00030
01000
00001
00000
00000
01000
20000
00000
30000
01000
00010
00000
00000
00010
20000
,
00000
00000
00000
30000
,
00000
10002
00000
00100
00000
00010
00000
01003
,
00000
20001
00000
00100
00000
01000
00000
30010
,
00000
01002
00000
00010
00000
00100
00000
10003
,
00000
20010
00000
01000
00000
00100
30000
00001
,
10000
10001
00000
01001
00000
10010
00100
00000
,
02200
00000
00000
00000
03300
00000
00000
01100
,
00000
01010
00000
10010
00000
01001
00100
00000
,
00220
00000
00000
00000
,
00000
00000
00000
00000
00000
00000
00000
00330
,
00000
00000
00110
00000
10000
00000
00110
00000
10000
00000
00110
00000
02000
03000
00020
00030
,
00002
00003
00200
00300
20000
30000
00002
00000
00020
00000
00000
00000
00033
00000
00011
00000
,
00000
00000
00010
00001
00200
00300
00010
00001
00200
00300
20000
30000
00002
00003
00020
00030
,
00200
00000
00000
00300
02000
03000
00020
00030
20000
00000
00000
00000
30000
00000
00010
00000
,
01000
00000
01100
00000
00001
00000
01100
00000
00001
00000
02100
00000
03000
00000
00002
00003
,
00020
00030
00200
00300
20000
00000
00000
30000
00020
00000
00030
00000
01000
00000
01010
00000
,
00000
00000
20000
30000
02000
03000
00200
00300
00020
00030
20000
30000
00002
00000
00000
00000
,
00103
00000
00100
00001
01000
00001
01000
00001
01000
00001
00100
00010
01000
00100
10000
00001
,
00100
00000
00010
10000
00010
00100
00001
01000
00001
00100
00010
10000
00010
00100
00001
01000
,
00001
00100
00010
01000
00100
10000
00001
01000
00010
00100
00001
10000
00010
01000
00100
00000
,
00000
00000
00100
10000
02000
03000
10000
00100
02000
03000
20000
30000
00200
00300
00002
00000
,
20000
00000
00000
00000
00000
00000
30003
00000
00001
10000
00001
10000
00001
10000
00010
01000
,
00100
10000
00001
01000
00001
00100
00010
10000
00010
00100
00001
01000
00001
00100
00010
10000
,
00100
01000
00010
00100
00001
10000
00100
10000
01000
00100
00010
01000
00100
20000
00002
00000
,
30003
00000
00010
10000
00100
01000
10000
00100
10000
01000
00100
10000
01000
00100
00010
00100
,
00001
00010
00001
00100
00001
00010
00100
01000
10000
00100
00001
00100
10000
01000
00100
10000
,
00001
02000
00020
00000
00000
00000
00000
00000
00000
03000
00030
00000
00000
00000
00000
00000
;