//---------------pump-double - d20----------------
#NOTEDATA:;
#CHARTNAME:;
#STEPSTYPE:pump-double;
#DESCRIPTION:d20;
#CHARTSTYLE:;
#DIFFICULTY:Edit;
#METER:20;
#RADARVALUES:1.000000,1.000000,0.402866,1.000000,1.000000,690.000000,47.000000,177.000000,0.000000,0.000000,0.000000,0.000000,0.000000,1.000000,1.000000,0.402866,1.000000,1.000000,690.000000,47.000000,177.000000,0.000000,0.000000,0.000000,0.000000,0.000000;
#CREDIT:Andamiro;
#OFFSET:
-0.026000
;
#BPMS:
0.000000=167.000000
,68.000000=83.500000
,183.750000=41.750000
,184.125000=83.500000
;
#STOPS:;
#DELAYS:;
#WARPS:;
#TIMESIGNATURES:0.000000=4=4
;
#TICKCOUNTS:0.000000=8
,68.000000=16
,183.750000=32
,183.812500=16
,184.062500=32
,184.125000=16
;
#COMBOS:0.000000=1
;
#SPEEDS:
0.000000=1.000000=0.000000=0
,83.000000=2.000000=1.000000=0
,179.750000=0.001000=0.062500=0
,179.812500=2.000000=0.062500=0
,181.750000=0.001000=0.062500=0
,181.812500=2.000000=0.062500=0
,183.750000=0.001000=0.031250=0
,183.791672=2.000000=0.031250=0
,183.812500=8.000000=0.250000=0
,184.062500=2.000000=0.062500=0
;
#SCROLLS:
0.000000=1.000000
;
#FAKES:;
#LABELS:0.000=Song Start;
#NOTES:
// measure 0
0000000000
0000000000
0000000000
0000000000
,  // measure 1
0000000000
0000000000
0000000000
0000000000
,  // measure 2
0000000000
0000000000
0000000000
0000000000
0000010000
0000100000
0000000200
0000000300
0002000000
0003000000
0000002000
0000003000
0000100000
0000010000
0020000000
0030000000
,  // measure 3
0000000000
0000000000
0000000000
0000000000
,  // measure 4
0000010000
0000100000
0000000200
0000000300
0000100000
0000010000
0020000000
0030000000
0000010000
0000100000
0000001000
0001000000
0000010000
0000100000
0000000000
0000000000
,  // measure 5
0000000000
0000000000
0000000000
0000000000
,  // measure 6
0000000000
0000000000
0000000000
0000000000
0000100000
0000010000
0020000000
0030000000
0000002000
0000003000
0002000000
0003000000
0000010000
0000100000
0000000200
0000000300
,  // measure 7
0000000000
0000000000
0000000000
0000000000
,  // measure 8
0000100000
0000010000
0020000000
0030000000
0000010000
0000100000
0000010000
0002000000
0000002000
0000000000
0000000000
0000000000
0000000000
0003000000
0000003000
0000000000
,  // measure 9
0001000000
0000010000
0000001000
0000000100
0001000000
0000000100
0000001000
0000010000
0001000000
0000001000
0020000000
0030000000
0000001000
0001000000
0000100000
0010000000
,  // measure 10
0002000000
0003000000
0000100000
0000002000
0000003000
0000100000
0001000000
0010000000
0000001000
0000000000
0000000000
0000101000
0000000000
0000000000
0001010000
0000000000
,  // measure 11
0001000000
0000010000
0000001000
0000000100
0001000000
0000000100
0000001000
0000010000
0001000000
0000001000
0020000000
0030000000
0000001000
0001000000
0000000200
0000000300
,  // measure 12
0000001000
0000010000
0001000000
0000010000
0000001000
0000000100
0000001000
0000010000
0001000000
0000000000
0000000000
0001010000
0000000000
0000000000
0000101000
0000000000
,  // measure 13
0000001000
0000100000
0001000000
0010000000
0000001000
0010000000
0001000000
0000100000
0000001000
0001000000
0000000200
0000000300
0001000000
0000001000
0000010000
0000000100
,  // measure 14
0000002000
0000003000
0000010000
0002000000
0003000000
0000010000
0000001000
0000000100
0001000000
0000000000
0000000000
0001010000
0000000000
0000000000
0000101000
0000000000
,  // measure 15
0000001000
0000100000
0001000000
0010000000
0000001000
0010000000
0001000000
0000100000
0000001000
0001000000
0000000200
0000000300
0001000000
0000001000
0020000000
0030000000
,  // measure 16
0001000000
0000100000
0000001000
0000100000
0001000000
0010000000
0001000000
0000100000
0000001000
0000000000
0000000000
0001010000
0000000000
0000000000
0000101000
0000000000
,  // measure 17
0020000000
0000000000
0030000000
0000002000
0000003000
0001000000
0000010000
0000100000
0000000200
0000000000
0000000300
0002000000
0003000000
0000001000
0000100000
0000010000
,  // measure 18
0020000000
0000000000
0030000000
0002000000
0003000000
0000100000
0000010000
0000001000
0000000200
0000000300
0000100000
0000101000
0000000000
0000010000
0001010000
0000000000
,  // measure 19
0020000000
0000000000
0030000000
0000002000
0000003000
0001000000
0000010000
0000001000
0000000200
0000000000
0000000300
0002000000
0003000000
0000001000
0000100000
0001000000
,  // measure 20
0020000000
0000000000
0000000000
0000000000
0000000000
0000000000
0000000000
0000000000
0030000000
0000000000
0000000000
0000000000
0000000000
0000000000
0001000000
0000100000
0000001000
0000000000
0000000000
0000000000
0000101000
0000000000
0000000000
0000000000
0000000100
0000000000
0000000000
0000000100
0000000000
0000000000
0000000100
0000000000
,  // measure 21
0002000000
0003000000
0000002000
0000003000
0000020000
0000030000
0000000200
0000000300
0000002000
0000003000
0000020000
0000030000
0002000000
0003000000
0000002000
0000003000
0000020000
0000030000
0002000000
0003000000
0020000000
0030000000
0000200000
0000300000
0002000000
0003000000
0020000000
0030000000
0200000000
0300000000
0020000000
0030000000
,  // measure 22
2000000000
3000000000
0200000000
0300000000
0000200000
0000300000
0002000000
0003000000
0020000000
0030000000
0000200000
0000300000
0002000000
0003000000
0000002000
0000003000
0000020000
0000030000
0000000002
0000000003
0000000200
0000000300
0000020000
0000030000
0000002000
0000003000
0000000200
0000000300
0000020000
0000030000
0000002000
0000003000
,  // measure 23
0002000000
0003000000
0000200000
0000300000
0020000000
0030000000
0002000000
0003000000
0000200000
0000300000
0020000000
0030000000
2000000000
3000000000
0000200000
0000300000
0002000000
0003000000
0000002000
0000003000
0000020000
0000030000
0000000002
0000000003
0000000200
0000000300
0000020000
0000030000
0000002000
0000003000
0000000200
0000000300
,  // measure 24
0000020000
0000030000
0000002000
0000003000
0002000000
0003000000
0000200000
0000300000
0000002000
0000003000
0000020000
0000030000
0020000000
0030000000
0001000000
0000100000
0000001000
0000000000
0000000000
0000000000
0001001000
0000000000
0000000000
0000000000
0000110000
0000000000
0020000000
0030000000
0000010000
0000100000
0000010000
0000100000
,  // measure 25
0000000100
0000010000
0000000100
0000010000
0000000100
0000100000
0000000100
0000100000
0000000100
0000010000
0000000100
0000010000
0000001000
0000100000
0001000000
0010000000
0000100000
0000000000
0000000000
0010100000
0000000000
0000000000
0200200000
0000000000
0300300000
0000000000
0100100000
0000000000
0100000000
0000100000
0100000000
0000100000
,  // measure 26
0010000000
0000100000
0010000000
0000100000
0010000000
0000010000
0010000000
0000010000
0010000000
0000100000
0010000000
0000100000
0001000000
0000010000
0000001000
0000000100
0000010000
0000000000
0000000000
0000010100
0000000000
0000000000
0000020020
0000000000
0000030030
0000000000
0000010010
0000000000
0000000010
0000010000
0000000010
0000010000
,  // measure 27
0000000100
0000010000
0000000100
0000010000
0000000100
0000100000
0000000100
0000100000
0000000100
0000010000
0000000100
0000010000
0000001000
0000100000
0001000000
0010000000
0000100000
0100000000
0000100000
0100000000
0001000000
0100000000
0010000000
1000000000
0000100000
0010000000
0001000000
0000100000
0000002000
0000000000
0000000000
0000003000
,  // measure 28
0000100000
0001000000
0010000000
0000100000
0010000000
0001000000
0000100000
0000010000
0000001000
0000000100
0000010000
0000000100
0000001000
0000010000
0000100000
0000002000
0002000000
0000000000
0000000000
0000000000
0000000000
0000000000
0003003000
0000000000
0001001000
0000000000
0000000000
0000000000
0001000000
0000001000
0000100000
0000010000
,  // measure 29
0010000000
0000100000
0010000000
0000100000
0001000000
0000100000
0001000000
0000100000
0001000000
0000001000
0001000000
0000001000
0000010000
0000000001
0000000100
0000000010
0000001000
0000000000
0000000000
0000001100
0000000000
0000000000
0000002002
0000000000
0000003003
0000000000
0000001001
0000000000
0000000001
0000000100
0000000010
0000001000
,  // measure 30
0000000100
0000010000
0000000100
0000010000
0000001000
0000010000
0000001000
0000010000
0000001000
0001000000
0000001000
0001000000
0000100000
1000000000
0010000000
0100000000
0001000000
0000000000
0000000000
0011000000
0000000000
0000000000
2002000000
0000000000
3003000000
0000000000
1001000000
0000000000
0001000000
1000000000
0010000000
0100000000
,  // measure 31
0000200000
0000300000
0002000000
0003000000
0000002000
0000003000
0000020000
0000030000
0000000002
0000000003
0000000200
0000000300
0000020000
0000030000
0002000000
0003000000
0000002000
0000003000
0000200000
0000300000
0020000000
0030000000
2000000000
3000000000
0000200000
0000300000
0002000000
0003000000
0000002000
0000003000
0000020000
0000030000
,  // measure 32
0002000000
0003000000
0000200000
0000300000
0000002000
0000003000
0002000000
0003000000
0000200000
0000300000
0000002000
0000003000
0000000100
0000001000
0000010000
0001000000
0000001000
0000000000
0000000000
0001001000
0000000000
0000000000
0010000100
0000000000
0000000000
0000000000
0001001000
0000000000
0000001000
0001000000
0000010000
0000100000
,  // measure 33
0000000100
0000010000
0000000100
0000010000
0000001000
0000010000
0000001000
0000010000
0000001000
0001000000
0000001000
0001000000
0000100000
1000000000
0010000000
0100000000
0001000000
0000000000
0000000000
0011000000
0000000000
0000000000
2002000000
0000000000
3003000000
0000000000
1001000000
0000000000
1000000000
0010000000
0100000000
0001000000
,  // measure 34
0010000000
0000100000
0010000000
0000100000
0001000000
0000100000
0001000000
0000100000
0001000000
0000001000
0001000000
0000001000
0000010000
0000000001
0000000100
0000000010
0000001000
0000000000
0000000000
0000001100
0000000000
0000000000
0000002002
0000000000
0000003003
0000000000
0000001001
0000000000
0000001000
0000000001
0000000100
0000000010
,  // measure 35
0000020000
0000030000
0000002000
0000003000
0002000000
0003000000
0000200000
0000300000
2000000000
3000000000
0020000000
0030000000
0000200000
0000300000
0000002000
0000003000
0002000000
0003000000
0000020000
0000030000
0000000200
0000000300
0000000002
0000000003
0000020000
0000030000
0000002000
0000003000
0002000000
0003000000
0000200000
0000000000
,  // measure 36
0000000000
0000300000
0000001000
0000010000
0000100000
0001000000
0000010000
0001000000
0000100000
0000010000
0000001000
0000100000
0000001000
0000010000
0000100000
0001000000
0010000000
0000000000
0000000000
0000000000
0100100000
0000000000
0000000000
0000000000
0002000000
0000000000
2000000000
0000000000
0003000000
0000000000
3000000000
0000000000
,  // measure 37
0000200000
0000000000
0000000000
0000000000
0000000000
0000300000
0002000000
0000000000
0000000000
0000000000
0000000000
0003000000
0000002000
0000003000
0000020000
0000030000
0002000000
0000000000
0003000000
0000200000
0000000000
0000300000
0000020000
0000030000
0000002000
0000000000
0000000000
0000003000
0000200000
0000000000
0000000000
0000300000
,  // measure 38
0002000000
0000000000
0000000000
0000000000
0000000000
0000000000
0000000000
0000000000
0000000000
0003000000
0000002000
0000003000
0000020000
0000030000
0000000002
0000000003
0000000100
0000000010
0000001000
0000000100
0000010000
0000001000
0000100000
0001000000
0020000000
0000000000
0000000000
0000000000
0000000000
0000000000
0000000000
0030000000
,  // measure 39
0002000000
0003000000
0000020000
0000030000
0000000200
0000000300
0000002000
0000003000
0000200000
0000300000
0020000000
0030000000
0002000000
0003000000
0000200000
0000300000
0000020000
0000000000
0000030000
0000002000
0000000000
0000003000
0000020000
0000030000
0000200000
0000000000
0000300000
0002000000
0000000000
0003000000
0000200000
0000000000
,  // measure 40
0000002000
0000000000
0000000000
0000000000
0000000000
0000000000
0000000000
0000000000
0000300000
0000000000
0000003000
0000000000
0000000000
0000000000
0000100000
0000001000
0000100000
0000010000
0000001000
0000000100
0000001000
0000010000
0000100000
0000001000
0000100000
0000010000
0000001000
0000000100
0000001000
0000010000
0000100000
0000000000
,  // measure 41
0000001000
0000010000
0000000100
0000100000
0000001000
0000010000
0000000100
0000100000
0000001000
0000010000
0000001000
0000010000
0000000100
0000001000
0000010000
0001000000
0000010000
0000001000
0000010000
0000001000
0000000100
0000010000
0000001000
0000100000
0000010000
0000000000
0000000000
0001010000
0000000000
0000000000
0001100000
0000000000
,  // measure 42
0001000000
0000100000
0010000000
0000010000
0001000000
0000100000
0010000000
0000010000
0001000000
0000100000
0001000000
0000100000
0010000000
0001000000
0000100000
0000001000
0000100000
0001000000
0000100000
0001000000
0010000000
0000100000
0001000000
0000010000
0000100000
0000000000
0000000000
0000101000
0000000000
0000000000
0000011000
0000000000
,  // measure 43
0000001000
0000010000
0000000100
0000100000
0000001000
0000010000
0000000100
0000100000
0000000100
0000010000
0000001000
0000100000
0001000000
0010000000
0000100000
1000000000
0001000000
0100000000
0010000000
1000000000
0000100000
0001000000
0000001000
0000010000
0001000000
0000100000
0000010000
0000001000
0000000100
0000010000
0000000001
0000000100
,  // measure 44
0000000010
0000001000
0000000100
0000001000
0000000010
0000000100
0000000001
0000010000
0000000100
0000001000
0000010000
0000001000
0000100000
0001000000
0000100000
0010000000
0001000000
0000100000
0001000000
0000100000
0000010000
0000001000
0000010000
0000001000
0000000100
0000000000
0000000000
0000001100
0000000000
0000000000
0000001001
0000000000
,  // measure 45
0000001000
0000010000
0000001000
0000010000
0000100000
0001000000
0000100000
0001000000
0010000000
0000000000
0000000000
0011000000
0000000000
0000000000
1001000000
0000000000
0001000000
0000100000
0001000000
0000100000
0000010000
0000001000
0000010000
0000001000
0000000100
0000000000
0000000000
0000001100
0000000000
0000000000
0000001001
0000000000
,  // measure 46
0000000000
2000002000
0000000000
0000000000
0000000000
0000000000
0000000000
0000000000
0000000000
0000000000
0000000000
0000000000
0000000000
0000000000
0000000000
0000000000
0000000000
0000000000
0000000000
0000000000
0000000000
0000000000
0000000000
0000000000
0000000000
0000000000
0000000000
0000000000
0000000000
0000000000
0000000000
0000000000
,  // measure 47
0000000000
3000003000
0000000000
0000000000
0000000000
0000000000
0000000000
0000000000
0000000000
0000000000
0000000000
0000000000
0000000000
0000000000
0000000000
0000000000
0000000000
0000000000
0000000000
0000000000
0000000000
0000000000
0000000000
0000000000
0000000000
0000000000
0000000000
0000000000
0000000000
0000000000
0000000000
0000000000
;