00000
00000
00000
00000
,
00000
00000
00000
00000
,
00000
00000
00000
00000
,
00000
00000
00000
00000
,
00000
00000
10000
00100
00000
10000
00100
00000
00000
00000
10000
00010
00000
10000
00010
00000
,
00000
00000
10000
00100
00000
10000
00010
00000
00000
00000
10000
00000
00100
00000
10000
00000
,
00000
00000
00001
00100
00000
00001
00100
00000
00000
00000
00001
01000
00000
00001
01000
00000
,
00000
00000
00001
00100
00000
00001
01000
00000
00000
00000
00001
00000
00100
00000
00001
00000
,
10000
10100
00001
00101
,
01000
00100
10000
00001
00100
00010
00000
00010
,
00100
00001
00000
01000
00000
01000
00100
01000
,
00010
00100
00001
10000
00100
01000
00000
00010
,
01000
00010
00000
00100
00000
00100
00000
00001
,
00100
00001
10000
00100
01000
00010
00000
00100
,
00001
10000
00000
00100
00000
00100
01000
00010
,
10000
00000
10100
00000
00001
00000
00101
01000
,
00000
01000
00010
00000
00100
00000
00100
00000
,
00002
00100
00000
00103
,
20000
00100
00000
30100
,
00002
00100
00000
00103
,
00100
00001
10000
00100
02000
03000
00020
00030
,
20000
00100
00000
30100
,
00002
00100
00000
00103
,
01000
00010
10000
00001
,
00100
00100
00100
00100
,
01001
00100
00010
01001
00100
00010
00000
00010
,
01000
00010
00000
10000
00000
00001
00000
00100
,
01001
00100
00010
01001
00100
00010
00000
00010
,
01000
00010
00000
10000
00000
00001
00000
00100
,
10010
00100
01000
10010
00100
01000
00000
01000
,
00010
01000
00000
00001
00000
10000
00100
10000
,
00001
00000
00101
00000
10000
00000
10100
00010
,
00000
00010
01000
00000
00100
00000
00100
00000
,
00000
00000
10000
00100
00000
10000
00100
00000
00000
00000
10000
00010
00000
10000
00010
00000
,
00000
00000
10000
00100
00000
10000
00010
00000
00000
00000
10000
00000
00100
00000
10000
00000
,
00000
00000
00001
00100
00000
00001
00100
00000
00000
00000
00001
01000
00000
00001
01000
00000
,
00000
00000
00001
00100
00000
00001
01000
00000
00000
00000
00001
00000
00100
00000
00001
00000
,
10000
00010
01000
00001
,
10000
00010
01000
00001
00200
00000
00300
00000
,
00001
01000
00010
10000
,
00001
01000
00010
10000
00200
00000
00300
00000
,
10000
00010
01000
00001
00200
00000
00300
00000
,
00001
01000
00010
10000
00200
00000
00300
00000
,
10000
00010
01000
00001
00200
00000
00300
00000
,
00100
00100
00100
00100
,
10010
00100
01000
10010
00100
01000
00010
00000
,
00010
00100
00010
10000
00100
10000
00010
00000
,
10010
00100
01000
10010
00100
01000
00010
01000
,
01100
01100
10010
00000
00110
00110
01001
00000
,
01001
00100
00010
01001
00100
00010
00000
00010
,
01000
00010
00000
10000
00000
00001
00100
00001
,
10000
00000
10100
00000
00001
00000
00101
01000
,
00000
01000
00010
00000
00100
00000
00100
00000
,
00001
00100
00001
10000
00100
01000
00000
01000
,
01000
00100
01000
00010
01000
00001
00100
00001
,
10000
00100
10000
00001
00100
00010
00000
00010
,
00010
00100
00010
01000
00010
10000
10010
00200
,
00000
00000
00000
00300
;