0000000000
0000000000
0000000000
0000000000
,
0000000002
0000000003
0000000101
0000020000
0000030000
0000000000
0000010100
0000200000
,
0000300000
0000101000
0001000000
0000010000
0010000000
0001000000
0000100000
0010000000
,
2000000000
3000000000
1010000000
0000200000
0000300000
0000000000
0010100000
0000010000
,
0000100000
0000000000
0000100000
0000000000
0000002000
0000000000
0000003000
0001000000
0000001000
0001000000
0000001000
0001000000
0001001000
0000000000
0000000000
0000000000
,
0000020000
0000030000
0000000200
0000000300
0000000002
0000000003
0000000020
0000000030
0000000002
0000000003
0000000200
0000000300
0000020000
0000030000
0000200000
0000000000
,
0000000000
0000300000
0020000000
0030000000
2000000000
3000000000
0200000000
0300000000
2000000000
3000000000
0020000000
0030000000
0000200000
0000000000
0000310000
0000000000
,
0020000200
0000000000
0000000000
0000000000
0030010300
0000000000
0010000000
0000000100
0000000000
0000100000
0000010000
0000000000
0001000000
0000000000
0000001000
0000000000
,
0000010000
0001000000
0000200000
0000300000
0000020000
0000030000
0000001000
0000200000
0000300000
0001000000
0000001000
0000000000
0020000200
0000000000
0030000300
0000000000
,
0000200000
0000300000
0020000000
0030000000
2000000000
3000000000
0200000000
0300000000
2000000000
3000000000
0020000000
0030000000
0000200000
0000300000
0000020000
0000000000
,
0000000000
0000030000
0000000200
0000000300
0000000002
0000000003
0000000020
0000000030
0000000002
0000000003
0000000200
0000000300
0000020000
0000000000
0000130000
0000000000
,
0020000200
0000000000
0000000000
0000000000
0030100300
0000000000
0000000100
0010000000
0000000000
0000010000
0000100000
0000000000
0000001000
0000000000
0001000000
0000010000
,
0000100000
0001000000
0000010000
0000001000
0000100000
0001000000
0000010000
0000001000
0000100000
0001000000
0000010000
0000002000
0010103000
0000000000
0000000000
0000000000
,
0000000200
0000000000
0000000000
0000000300
,
0000010000
0000000000
0000000001
0000000000
0000000100
0000000000
0000000001
0000010000
0000000100
0000010000
0000000001
0000000000
0000000100
0000000000
0000010000
0000000000
,
0000100000
0000000000
0010000000
0000000000
1000000000
0000000000
0000100000
0010000000
0000100000
1000000000
0010000000
0000000000
1000000000
0000000000
0000000000
0000000000
,
0000200000
0000000000
0000000000
0000000000
0000000000
0000000000
0000000000
0000000000
0010300000
0000000000
0000000000
0000000000
0010100000
0000000000
0000010000
0000100000
,
0000000000
0000000000
0000000100
0000000000
0000010000
0000000000
0000000000
0000000000
0000000001
0000000000
0000000000
0000000000
0000000101
0000000000
0000000000
0000010000
,
0000000100
0000000000
0000000000
0000100000
0000000000
0000000000
0000010000
0000000000
0000000000
0000000000
0000000000
0000000000
0010110000
0000000000
0000000000
0000000000
0000000000
0000000000
0000000000
0000110100
0000000000
0000000000
0000000000
0000000000
,
0000000000
0000000000
0000000000
0000000000
0010110000
0000000000
0000000000
0000000000
0000000000
0000000000
0000000000
0000000000
0000000000
0000000000
0000000000
0000000000
0000000000
0000000000
0010110100
0000000000
0000000000
0000000000
0000000000
0000000000
0000000000
0000000000
0000000000
0000000000
0000000000
0000000000
0002000000
0000000000
0000000000
0003000000
0000000000
0000000000
0000002000
0000000000
0000000000
0000003000
0000000000
0000000000
0000200000
0000000000
0000000000
0000300000
0000000000
0000000000
,
0002000000
0003000000
0000200000
0000300000
0020000000
0030000000
0000200000
0000300000
0000020000
0000030000
0000002000
0000003000
0000020000
0000030000
0000000200
0000000300
,
0000020000
0000030000
0000002000
0000003000
0000020000
0000030000
0000200000
0000300000
0002000000
0003000000
0000200000
0000300000
0020000000
0030000000
0000200000
0000300000
,
0000020000
0000030000
0000000200
0000000300
0000020000
0000030000
0000200000
0000300000
0020000000
0030000000
0000200000
0000300000
0000020000
0000030000
0000000200
0000000300
,
0000000002
0000000003
0000000200
0000000300
0000020000
0000000000
0000100000
0000000000
0000130000
0000000000
0000002000
0000003000
0002000000
0003000000
0000020000
0000030000
,
0000002000
0000003000
0000020000
0000030000
0000000200
0000000300
0000020000
0000030000
0000200000
0000300000
0020000000
0030000000
0000200000
0000300000
0002000000
0003000000
,
0000200000
0000300000
0000020000
0000030000
0000000200
0000000300
0000020000
0000030000
0000200000
0000300000
0020000000
0030000000
2000000000
3000000000
0020000000
0030000000
,
0000200000
0000300000
0000020000
0000030000
0000000200
0000000300
0000020000
0000030000
0002000000
0000000000
0000002000
0000000000
0000000000
0000000000
0000000000
0000000000
,
0003003000
0000000000
0001000000
0000100000
0010000000
0001000000
0000000000
0011000000
,
0000100000
0100000000
0000000000
0110000000
1000000000
0021000000
0030100000
0120000000
,
1030000000
0021000000
0030100000
0120000000
1030000000
0011000000
0000000000
0000101000
,
0000000000
0000000000
0001010000
0000000000
0000000000
0000000000
0000001100
0000000000
0000000002
0000000000
0000000000
0000000003
0000000020
0000000030
0000000200
0000000300
,
0000002000
0000000000
0000000000
0000003000
0000020000
0000030000
0000200000
0000300000
0002000000
0003000000
0200000000
0000000000
0000000000
0300000000
0020000000
0030000000
,
2000000000
0000000000
0000000000
3000000000
0020000000
0030000000
0000200000
0000000000
0000310000
0000000000
0000110000
0000000000
0000000000
0000000000
0000010001
0000000000
,
0000000000
0000000000
0000110000
0000000000
0000000000
0000000000
0010000000
0000000000
0000100000
0000000000
2000000000
0000000000
0000000000
3000000000
0020000000
0000000000
,
0000000000
0030000000
0000200000
0000300000
0002000000
0003000000
0020000000
0030000000
0000020000
0000000000
0002000000
0000000000
0000000000
0000000000
0000000000
0000000000
,
0003030000
0000000000
0000001000
0000010000
0000000100
0000001000
0000000000
0000001100
,
0000010000
0000000010
0000000000
0000000210
0000000301
0000001200
0000010300
0000000210
,
0000000301
0000001200
0000010300
0000000210
0000000301
0000001100
0000000000
0001010000
,
0000000000
0000101000
0000000000
0011000000
2000000000
0000000000
0000000000
0000000000
,
0000000000
0000000000
0000000000
0000000000
0000000000
3000000000
0020000000
0030000000
0000200000
0000300000
0000020000
0000030000
0000002000
0000003000
0000020000
0000030000
,
0000000200
0000000300
0000020000
0000030000
0000200000
0000300000
0020000000
0030000000
0000200000
0000300000
0002000000
0003000000
0020000000
0030000000
0000200000
0000300000
,
0002000000
0003000000
0000002000
0000003000
0000020000
0000030000
0002000000
0003000000
0000200000
0000300000
0000010000
0000000000
0000010000
0000000000
0000001000
0000000000
,
0000001000
0000000000
0000000100
0000010000
0000000001
0000000100
0000000010
0000001000
0000000100
0000010000
0000001000
0000000000
0000100000
0000000000
0001000000
0000000000
,
0010000000
0001000000
0100000000
0010000000
1000000000
0000200000
0020000000
0000000000
0030300000
0000000000
0000020000
0000030000
0000002000
0000003000
0000000200
0000000300
,
0000001000
0000000010
0000000100
0000000001
0000010000
0000000100
0000001000
0000010000
0000100000
0001000000
0020000000
0030000000
0002000000
0003000000
0200000000
0300000000
,
0010000000
1000000000
0000100000
0010000000
0001000000
0000200000
0000020000
0000000000
0000330000
0000000000
0000200000
0000300000
0002000000
0003000000
0020000000
0030000000
,
0000100000
1000000000
0010000000
0100000000
0001000000
0010000000
0000100000
0001000000
0000010000
0000100000
0000101000
0000000000
0000000000
0000000000
0000000000
0000000000
,
0000000000
0000000000
0001010000
0000000000
0000000000
0000000000
0000000000
0000000000
0000000000
0000000000
0000100000
0000001000
0000010000
0000001000
0000100000
0000010000
,
0000001000
0000000100
0000010000
0000000001
0000000100
0000000010
0000000100
0000000001
0000010000
0000000100
0000001000
0000010000
0001000000
0000100000
0001000000
0000010000
,
0000100000
0001000000
0010000000
0000100000
1000000000
0010000000
0100000000
0010000000
1000000000
0000100000
0010000000
0001000000
0000100000
0000001000
0001000000
0000010000
,
0000001000
0000000000
0000000000
0000100000
0000000000
0000000000
0001000000
0000000000
0000000000
0000001000
0000000000
0000000000
0000010000
0000000000
0000000000
0001000000
0000000000
0000000000
0000100000
0000000000
0000000000
0000000000
0000000000
0000000000
0000000000
0000000000
0000000000
0000000000
0000000000
0000000000
0010101000
0000000000
0000000000
0000000000
0000000000
0000000000
0000000000
0000000000
0000000000
0000000000
0000000000
0000000000
0000000000
0000000000
0001010100
0000000000
0000000000
0000000000
,
0000000000
0000000000
0000000000
0000000000
0000000000
0000000000
0000000000
0000000000
0000000000
0000000000
0010101000
0000000000
0000000000
0000000000
0000000000
0000000000
0000000000
0000000000
0000000000
0000000000
0000000000
0000000000
0000000000
0000000000
0001010100
0000000000
0000000000
0000000000
0000000000
0000000000
0000000000
0000000000
0000000000
0000000000
0000000000
0000000000
0000002000
0000000000
0000000000
0000003000
0000000000
0000000000
0002000000
0000000000
0000000000
0003000000
0000000000
0000000000
,
0000020000
0000030000
0000002000
0000003000
0000020000
0000030000
0000000200
0000000300
0000020000
0000030000
0000200000
0000300000
0002000000
0003000000
0000200000
0000300000
,
0020000000
0030000000
0000200000
0000300000
0002000000
0003000000
0000200000
0000300000
0000020000
0000030000
0000002000
0000003000
0000020000
0000030000
0000000200
0000000300
,
0000020000
0000030000
0000200000
0000300000
0020000000
0030000000
0000200000
0000300000
0000020000
0000030000
0000000200
0000000300
0000020000
0000030000
0000200000
0000300000
,
0020000000
0030000000
2000000000
3000000000
0020000000
0030000000
0000200000
0000000000
0000010000
0000000000
0000310000
0000000000
0002000000
0003000000
0000002000
0000003000
,
0000200000
0000300000
0002000000
0003000000
0000200000
0000300000
0020000000
0030000000
0000200000
0000300000
0000020000
0000030000
0000000200
0000000300
0000020000
0000030000
,
0000002000
0000003000
0000020000
0000030000
0000200000
0000300000
0020000000
0030000000
0000200000
0000300000
0000020000
0000030000
0000000200
0000000300
0000000002
0000000003
,
0000000200
0000000300
0000020000
0000030000
0000200000
0000300000
0020000000
0030000000
0000200000
0000300000
0000002000
0000000000
0002000000
0000000000
0000000000
0000000000
,
0000000000
0003003000
0000000000
0000000000
0000000000
0000000000
0000000000
0000000000
,
0000000000
0000000000
0000000000
0000000000
,
0000000000
0000000000
0000000000
0000000000
,
0000000000
0000000000
0000000000
0000000000
,
0000000000
0000000000
0000000000
0000000000
0000000000
0000000000
0000000000
F00000000F
,
0000000000
0000000000
0000000000
0000000000
,
0000000000
0000000000
0000000000
0000000000
,
0000000000
0000000000
0000000000
0000000000
,
0000000000
0000000000
0000000000
0000000000
0000000000
0000000000
0000000000
F00000000F
,
0000000000
0000000000
0000000000
0000000000
,
0000000000
0000000000
0000000000
0000000000
,
0000000000
0000000000
0000000000
0000000000
,
0000000000
0000000000
0000000000
0000000000
0000000000
0F00000000
F00000000F
00000000F0
0000000000
0000000000
0000000000
0000000000
0000000000
0000000000
0000000000
0000000000
,
0000000000
0000000000
0000000000
0000000000
,
0000000000
0000000000
0000000000
0000000000
,
0000000000
0000000000
0000000000
0000000000
0000000000
0000000000
0000000000
0000000000
0000000000
0000000000
0000000000
0000000000
00F0000000
0F00000000
F00000000F
00000000F0
,
0000000F00
0000000000
0000000000
0000000000
,
0000000000
0000000000
0000000000
0000000000
,
0000000000
0000000000
0000000000
0000000000
,
0000000000
0000000000
0000000000
000F000000
00F0000000
0F00000000
0000000000
00000000F0
0000000F00
000000F000
0000000000
0000000000
0000000000
0000000000
0000000000
0000000000
,
0000000000
0000000000
0000000000
0000000000
,
0000000000
0000000000
0000000000
0000000000
,
0000000000
0000000000
0000000000
0000000000
0000000000
0000000000
0000000000
0000000000
0000000000
0000000000
0000F00000
000F000000
00F0000000
0000000000
0000000000
0000000000
,
0000000F00
000000F000
00000F0000
0000000000
0000000000
0000000000
0000000000
0000000000
0000000000
0000000000
0000000000
0000000000
0000000000
0000000000
0000000000
0000000000
,
0000000000
0000000000
0000000000
0000000000
,
0000000000
0000000000
0000000000
0000000000
,
0000000000
0000000000
0000F00000
000F0F0000
0000000000
0000000000
0000000000
0000000000
0000000000
0000F0F000
00000F0000
0000000000
0000000000
0000000000
0000000000
0000000000
,
0000000000
0000000000
0000000000
0000000000
,
0000000000
0000000000
0000000000
0000000000
,
0000000000
0000000000
0000000000
0000000000
0000000000
0000000000
0000000000
0000000000
0000000000
0000000000
0000F00000
00000F0000
000000F000
0000000000
0000000000
0000000000
,
000F000000
0000F00000
00000F0000
0000000000
0000000000
0000000000
0000000000
0000000000
0000000000
0000000000
0000000000
0000000000
0000000000
0000000000
0000000000
0000000000
,
0000000000
0000000000
0000000000
0000000000
,
0000000000
0000000000
0000000000
0000000000
,
0000000000
0000000000
0000000000
00000F0000
000000F000
0000000F00
0000000000
00F0000000
000F000000
0000F00000
0000000000
0000000000
0000000000
0000000000
0000000000
0000000000
,
0000000000
0000000000
0000000000
0000000000
,
0000000000
0000000000
0000000000
0000000000
,
0000000000
0000000000
0000000000
0000000000
0000000000
0000000000
0000000000
0000000000
0000000000
0000000000
0000000000
0000000000
000000F000
0000000F00
0F000000F0
00F0000000
,
000F000000
0000000000
0000000000
0000000000
,
0000000000
0000000000
0000000000
0000000000
,
0000000000
0000000000
0000000000
0000000000
,
0000000000
0000000000
0000000000
0000000000
0000000000
F000000F00
0F000000F0
00F000000F
0000000000
0000000000
0000000000
0000000000
0000000000
0000000000
0000000000
0000000000
,
0000000000
0000000000
0000000000
0000000000
,
0000000000
0000000000
0000000000
0000000000
,
0000000000
0000000000
0000000000
0000000000
0000000000
0000000000
0000000000
0000000000
0000000000
0000000000
000000000F
0000000000
0000000000
F000000000
0F000000F0
000000000F
,
0000000000
0000000000
0000000000
F000000000
0000000000
0000000000
0000000000
0000000000
0000000000
0000000000
0000000000
0000000000
0000000000
0000000000
0000000000
0000000000
,
0000000000
0000000000
0000000000
0000000000
,
0000000000
0000000000
0000000000
0000000000
,
0000000000
0000000000
000000000F
00000000F0
0000000000
F000000000
0000000000
000000000F
0000000000
0000000000
0F00000000
F000000000
0000000000
0000000000
0000000000
0000000000
,
0000000000
0000000000
0000000000
0000000000
,
0000000000
0000000000
0000000000
0000000000
,
0000000000
0000000000
0000000000
0000000000
0000000000
0000000000
0000000000
0000000000
0000000000
0000000000
000000000F
00000000F0
0000000F00
0000000000
0000000000
0000000000
,
0000000000
00F0000000
0F00000000
F000000000
0000000000
0000000000
0000000000
0000000000
0000000000
0000000000
0000000000
0000000000
0000000000
0000000000
0000000000
0000000000
,
0000000000
0000000000
0000000000
0000000000
,
0000000000
0000000000
0000000000
0000000000
,
0000000000
0000000000
0000000000
00000000F0
0000000F00
000000F000
0000000000
0000000000
000F000000
00F0000000
0F00000000
0000000000
0000000000
0000000000
0000000000
0000000000
,
0000000000
0000000000
0000000000
0000000000
,
0000000000
0000000000
0000000000
0000000000
,
0000000000
0000000000
0000000000
0000000000
0000000000
0000000000
0000000000
0000000000
0000000000
0000000000
0000000000
0000000000
0000000F00
000000F000
00000F0000
0000F00000
,
000F000000
00F0000000
0000000000
0000000000
0000000000
0000000000
0000000000
0000000000
0000000000
0000000000
0000000000
0000000000
0000000000
0000000000
0000000000
0000000000
,
0000000000
0000000000
0000000000
0000000000
,
0000000000
0000000000
0000000000
0000000000
,
0000000000
0000000000
0000000000
0000000000
0000000F00
0000000000
00000FF000
000FF00000
0000000000
00F0000000
0000000000
0000000000
0000000000
0000000000
0000000000
0000000000
,
0000000000
0000000000
0000000000
0000000000
,
0000000000
0000000000
0000000000
0000000000
,
0000000000
0000000000
0000000000
0000000000
0000000000
0000000000
0000000000
0000000000
0000000000
0000000000
0000000000
0000000000
0000000F00
0000000000
000F0F0000
0000F0F000
,
0000000000
00F0000000
0000000000
0000000000
0000000000
0000000000
0000000000
0000000000
0000000000
0000000000
0000000000
0000000000
0000000000
0000000000
0000000000
0000000000
,
0000000000
0000000000
0000000000
0000000000
,
0000000000
0000000000
0000000000
0000000000
,
0000000000
0000000000
0000000000
0000000F00
0000000000
00000F0000
000F000000
0000F0F000
0000000000
00F0000000
0000000000
0000000000
0000000000
0000000000
0000000000
0000000000
,
0000000000
0000000000
0000000000
0000000000
,
0000000000
0000000000
0000000000
0000000000
,
0000000000
0000000000
0000000000
0000000000
0000000000
0000000000
0000000000
0000000000
0000000000
0000000000
0000000000
0000000F00
0000000000
00000F0000
000F000000
000000F000
,
0000F00000
00F0000000
0000000000
0000000000
0000000000
0000000000
0000000000
0000000000
,
0000000000
0000000000
0000000000
0000000000
,
0000000000
0000000000
0000000000
0000000000
,
0000000000
0000000000
0000000000
0000000F00
0000000000
00000F0000
0000000000
000F00F000
0000000000
0000F00000
0000000000
00F0000000
0000000000
0000000000
0000000000
0000000000
,
0000000000
0000000000
0000000000
0000000000
,
0000000000
0000000000
0000000000
0000000000
,
0000000000
0000000000
0000000000
0000000000
0000000000
0000000000
0000000000
0000000000
0000000000
0000000000
0000000F00
0000000000
00000F0000
0000000000
000000F000
000F000000
,
0000000000
0000F00000
0000000000
00F0000000
0000000000
0000000000
0000000000
0000000000
0000000000
0000000000
0000000000
0000000000
0000000000
0000000000
0000000000
0000000000
,
0000000000
0000000000
0000000000
0000000000
,
0000000000
0000000000
0000000000
0000000000
,
0000000000
0000000000
0000000200
0000000300
0000020000
0000030000
0000002000
000F003000
0000000000
0000F00000
0000000000
00F0000000
0000000000
0000000000
0000000000
0000000000
,
0000000000
0000000000
0000000000
0000000000
,
0000000000
0000000000
0000000000
0000000000
,
0000000000
0000000000
0000000000
0000000000
0000000000
0000000000
0000000000
0000000000
0000000000
0000000000
0000000200
0000000300
0000020000
0000030000
0000002000
0000003000
,
000F000000
0000F00000
00F0000000
0000000000
0000000000
0000000000
0000000000
0000000000
,
0000000000
0000000000
0000000000
0000000000
,
0000000000
0000000000
0000000000
0000000000
,
0000000000
0000000000
0000000000
0000000000
0000000000
0000000000
0000000200
0000000300
0000020000
0000030000
0000002000
0000003000
0002000000
0003000000
0000200000
0000300000
,
0020000000
0030000000
0000000000
0000000000
0000000000
0000000000
0000000000
0000000000
0000000000
0000000000
0000000000
0000000000
0000000000
0000000000
0000000000
0000000000
,
0000000000
0000000000
0000000000
0000000000
,
0000000000
0000000000
0000000000
0000000000
0000000000
0000000000
0000000000
0000000000
0000000000
0000000000
0000000000
0000000000
0000000000
0000000000
0000000200
0000000300
,
0000020000
0000030000
0000002000
0000003000
0002000000
0003000000
0000200000
0000300000
0020000000
0030000000
0002000000
0003000000
0000200000
0000300000
0000001000
0001000000
,
0000010000
0000100000
0000001000
0001000000
0000010000
0000100000
0010000100
0020000200
0000000000
0000000000
0030000300
0000000000
0000000000
0000000000
0000010000
0000001000
,
0000010000
0000100000
0000001000
0000010000
0000001000
0000100000
0000010000
0000001000
0000000100
0000010000
0000001000
0000010000
0000000100
0000001000
0000000010
0000000100
,
0000000001
0000000100
0000000010
0000001000
0000000100
0000010000
0000001000
0000010000
0000000100
0000001000
0000010000
0000100000
0000001000
0001000000
0000100000
0001000000
,
0000010000
0000100000
0001000000
0000100000
0000001000
0001000000
0000100000
0010000000
0001000000
0000100000
0001000000
0010000000
0000100000
1000000000
0010000000
0100000000
,
0010000000
1000000000
0000100000
0010000000
0001000000
0000100000
0001000000
0010000000
0000100000
0001000000
0000001000
0000100000
0000010000
0000001000
0000000100
0000010000
,
0000000001
0000000100
0000000010
0000001000
0000000100
0000010000
0000001000
0001000000
0000010000
0000001000
0000100000
0001000000
0000010000
0000100000
0001000000
0010000000
,
0000100000
1000000000
0010000000
0100000000
0001000000
0010000000
0000100000
0001000000
0000001000
0000100000
0001000000
0000010000
0000001000
0000100000
0000010000
0000000000
,
0000001000
0000000000
0000000100
0000000000
0000001000
0000000000
0000000010
0000000100
0000000001
0000000100
0000000010
0000001000
0000000100
0000020000
0000002200
0000000000
,
0000000000
0000000000
0000000000
0000000000
0000000000
0000033300
0000000000
0022200000
,
0000000000
0000000000
0000000000
0000000000
0000000000
0000000000
0000000000
0000000000
0000000000
0000000000
0033300000
0000000000
0000000000
0000000000
0000100000
0000010000
,
0000100000
0000010000
0000100000
0000010000
0000100000
0000010000
0000100000
0000010000
0001000000
0000002000
0010103000
0000000000
0000000000
0000000000
0000020000
0000030000
,
0000000200
0000000300
0000000002
0000000003
0000000020
0000000030
0000000002
0000000003
0000000200
0000000300
0000020000
0000030000
0000200000
0000000000
0000000000
0000300000
,
0020000000
0030000000
2000000000
3000000000
0200000000
0300000000
2000000000
3000000000
0020000000
0030000000
0000200000
0000000000
0000310000
0000000000
0020000200
0000000000
,
0000000000
0000000000
0030010300
0000000000
0010000000
0000000100
0000000000
0000100000
0000010000
0000000000
0001000000
0000000000
0000001000
0000000000
0000010000
0001000000
,
0000200000
0000300000
0000020000
0000030000
0000001000
0000200000
0000300000
0001000000
0000001000
0000000000
0020000200
0000000000
0030000300
0000000000
0000200000
0000300000
,
0020000000
0030000000
2000000000
3000000000
0200000000
0300000000
2000000000
3000000000
0020000000
0030000000
0000200000
0000300000
0000020000
0000000000
0000000000
0000030000
,
0000000200
0000000300
0000000002
0000000003
0000000020
0000000030
0000000002
0000000003
0000000200
0000000300
0000020000
0000000000
0000130000
0000000000
0020000200
0000000000
,
0000000000
0000000000
0030100300
0000000000
0000000100
0010000000
0000000000
0000010000
0000100000
0000000000
0000001000
0000000000
0001000000
0000000000
0000100000
0000001000
,
0000010000
0001000000
0000001000
0000100000
0001000000
0000010000
0000000100
0000001000
0000100000
0010000000
0001000000
0000100000
0010000000
2000000000
0200000000
0000000000
,
0000000000
0000000000
0000000000
0000000000
,
0000000000
0000000000
0000000000
0000000000
0000000000
0000000000
0000000000
0000000000
0000000000
0000000000
0000000000
0000000000
0000000000
0000000000
0000000000
0000000000
0000000000
0000000000
0000000000
0000000000
0000000000
0000000000
0000000000
0000000000
0000000000
0000000000
0000000000
3300000000
0000000000
0000000000
0000000000
0000000000
;