0000000000
0000000000
0000000000
0000000000
,
0000000000
0000000000
0000000000
0000000000
,
2000000000
0001000000
0000000000
3001000000
0000020000
0001000000
0000000000
0001030000
,
0000200000
0000000000
0000000000
0000000000
0000001000
0000000000
0000000000
0000000000
0000000000
0000000000
0000000000
0000000000
0000301000
0000000000
0000000000
0000000000
0020000200
0000000000
0000000000
0000000000
0000000000
0000000000
0000000000
0000000000
0000000000
0000000000
0000000000
0030000300
0000000000
0000000000
0000000000
0000000000
,
0000000000
0000000000
0010000100
0000000000
0000110000
0000000000
0000010000
0001000000
0000001000
0000010000
0001000000
0000100000
0001000000
0000100000
0000010000
0010000000
,
0000010000
0010000000
0000100000
0001000000
0000001000
0000010000
0000000100
0000000000
0000010100
0000000000
0000000100
0000001000
0000000010
0000000100
0000000001
0000000000
,
0000000101
0000000000
0000010001
0000000000
0000010100
0000000000
0000010000
0000001000
0001000000
0000100000
0010000000
0001000000
0000100000
0000020000
0000030000
0000001000
,
0000010000
0000100000
0002000000
0000000000
0003010000
0000000000
0000002000
0000000000
0000103000
0000000000
0000010000
0000001000
0000000100
0000010000
0000000002
0000000003
,
0000000100
0000010000
0000200000
0000000000
0000000000
0000000000
0000301000
0000000000
0000000000
0000000000
0000020000
0000000000
0000000000
0000000000
0001030000
0000000000
,
0000000000
0000000000
0001010000
0000000000
0000100000
0000000000
0000101000
0000000000
0000010000
0000000000
0000110000
0000000000
0000100000
0000001000
0020000000
0030000000
,
0000100000
0000001000
0000000100
0000010000
0000000010
0000000100
0000001000
0000010000
0000000001
0000000100
0000020000
0000030000
0001000000
0000010000
0000000100
0000000001
,
0000000100
0000000010
0000020020
0000030030
0000000000
0002020000
0003030000
0000000000
2002000000
3003000000
0000000000
0002020000
0003030000
0000000000
0000101000
0000000000
,
0001010000
0000000000
0010000100
0000000000
0000010000
0000000000
0001000000
0000000000
0000001000
0000020000
0000000000
0000000000
0000100000
0000030000
0000001000
0000000000
,
0000010000
0000000000
0000000100
0000000000
0000100000
0000000000
0000001000
0000000000
0001000000
0000200000
0000000000
0000000000
0000010000
0000300000
0001000000
0000100000
,
0010000000
0000100000
1000000000
0000000000
0010000000
0000000000
1010000000
0000000000
0000100000
0000000000
0010000000
0000000000
0001000000
0000000000
0000100000
0000000000
,
0000010000
0000000000
0000110000
0000000000
0000001000
0000010000
0000000100
0000000000
0000100100
0000000000
0000110000
0000000000
0001000000
0000100000
0010000000
0000000000
,
0000010000
0000000000
0010010000
0000000000
0000000000
0010010000
0000000000
0000000000
0010010000
0000000000
0000000000
0010010000
0000000000
0000000000
0010010000
0000000000
,
0000110000
0000000000
0000100100
0000000000
0000000000
0000100100
0000000000
0000000000
0000100100
0000000000
0000000000
0000100100
0000000000
0000000000
0000100100
0000000000
,
0000110000
0000000000
0010000100
0000000000
0000000000
0010000100
0000000000
0000000000
0010000100
0000000000
0000000000
0010000100
0000000000
0000000000
0010000100
0000000000
,
0001001000
0000000000
0000000100
0000001000
0000010000
0000100000
0001000000
0010000000
0001000000
0000100000
0000010000
0000001000
0000000100
0000010000
0000001000
0001000000
,
0000100000
0020000000
0030000100
0000000000
0000000000
0000000000
0000000000
0000000000
0000000000
0000000000
0000000000
0000000000
0000000000
0000000000
0000220000
0000000000
,
0000330000
0000000000
00F0000000
000F000000
0000200000
0000300000
0000020000
0000030000
0000002000
0000003000
0000000F00
000000F000
0000020000
0000030000
0000200000
0000300000
,
0002000000
0003000000
00F0000000
0000F00000
0002000000
0003000000
0000002000
0000003000
0000020000
0000030000
0000000F00
00000F0000
0000002000
0000003000
0002000000
0003000000
,
0000200000
0000300000
0020000000
0030000000
0002000000
0003000000
0200000000
0300000000
0020000000
0030000000
2000000000
3000000000
0000200000
0000300000
0002000000
0003000000
,
0000002000
00000F3000
0000000000
0000000000
0000000000
0000000000
0000000000
0000000000
,
0000000000
0000000000
0000000000
0000000000
,
0000000000
0000000000
0000000000
0000000000
0000000000
0000000000
0000110000
0000000000
0000000000
0000000000
0010000000
0001000000
0000200000
0000300000
0000020000
0000030000
,
0000002000
0000003000
0000000100
0000001000
0000020000
0000030000
0000200000
0000300000
0002000000
0003000000
0010000000
0000100000
0002000000
0003000000
0000002000
0000003000
,
0000020000
0000030000
0000000100
0000010000
0000002000
0000003000
0002000000
0003000000
0000200000
0000300000
0020000000
0030000000
0002000000
0003000000
0000200000
0000300000
,
0002000000
0003000000
0000020000
0000030000
0002000000
0003000000
0000200000
0000300000
0000020000
0000000000
0001030000
0000000000
0000000000
0000000000
0001010000
0000000000
,
0000000000
0000000000
0000010000
0001000000
0000010000
0001000000
0000001000
0000100000
0000001000
0000100000
0000020000
0000030000
0000002000
0000003000
0000000200
0000000300
,
0000200000
0000300000
0000002000
0000003000
0000010000
0000200000
0000300000
0000010000
0000002000
0000003000
0002000000
0003000000
0000200000
0000300000
0010000000
0000010000
,
0010000000
0000010000
0002000000
0003000000
0000100000
0000020000
0000030000
0000100000
0002000000
0003000000
0000002000
0000003000
0000020000
0000030000
0002000000
0003000000
,
0000200000
0000300000
0000000200
0000000300
0000002000
0000003000
0000200000
0000300000
0002000000
0000000000
0003010000
0000000000
0000000000
0000000000
0001010000
0000000000
,
0000000000
0000000000
0000002000
0000103000
0000000000
0002000000
0003010000
0000000000
0001000000
0000100000
0020000000
0030000000
0002000000
0003000000
0000100000
0000001000
,
0001000000
0000100000
0000001000
0000010000
0000001000
0000010000
0000100000
0000000100
0000100000
0000000100
0000010000
0000001000
0000100000
0001000000
0010000000
0000000000
,
0011000000
0000000000
0010000000
0000100000
1000000000
0010000000
0100000000
0000000000
0110000000
0000000000
0101000000
0000000000
0011000000
0000000000
0001000000
1000000000
,
0001000000
0010000000
0000100000
0001000000
0000001000
0000010000
0001000000
0000100000
0000010000
0000001000
0000000200
0000000300
0000020000
0000030000
0000000020
0000000030
,
0000000200
0000000300
0000000001
0000000010
0000000100
0000001000
0000010000
0000000000
0000000000
0000000000
0001010000
0000000000
0001000000
0000010000
0000001000
0000010000
,
0000100000
0000001000
0000101000
0000000000
0000001000
0000100000
0001000000
0000100000
0000001000
0001000000
0000010000
0000000000
0001010000
0000000000
0000100000
0000000000
,
0000101000
0000000000
0000101000
0000000000
0000001000
0000100000
0000010000
0000001000
0000100000
0001000000
0000002000
0000003000
00000F0000
000F000000
00000F0000
0000F00000
,
00000F0000
000F000000
00000F0000
000000F000
0000F00000
0000020000
0002000000
0000000000
0003030000
0000000000
000F0F0000
0000000000
0000000000
F00F000000
0000000000
0000000000
,
000F0F0000
0000000000
0000000000
00000F00F0
0000000000
0000000000
000F0F0000
0000000000
0000F0F000
0000000000
0020000F00
0000000000
0000000000
0000000000
0000000000
0000000000
,
0000000000
0000000000
0000000000
0000000000
0000000000
0000000200
0000000000
0000000000
,
0000000000
0000000000
0000000000
0000000000
0000000000
0000000000
0000000000
0000000000
0000000000
0000000000
0000F00000
0000000000
0000000000
0000F00000
0000000000
0000000000
,
0000F00000
0000000000
00000F0000
0000000000
00000F0000
0000000000
00000F0000
0000F00000
00000F0000
0000F00000
00000F0000
0000000000
0000000000
00000F0000
0000000000
0000000000
,
00000F0000
0000000000
0000F00000
0000000000
0000F00000
0030000300
0000000000
0000000000
0000000000
0000000000
0000000000
0000000000
0000000000
0000000000
0000000000
0000000000
,
0000000000
0000000000
0000000000
0000000000
0000000000
0000001000
0000000000
0000000000
,
0000000000
0000000000
0000000000
0000000000
,
0000000000
0000000000
0000000000
0000000000
,
0000000000
0000000000
0000000000
0000000000
0000000000
0000000000
0000000000
0000000000
0000000000
0000000000
0000000000
0000000000
0000010000
0001000000
0000010000
0000100000
,
0000010000
0001000000
0000010000
0000001000
0000100000
0000020000
0002000000
0000000000
0003030000
0000000000
0000202000
0000303000
0000000000
0000002002
0000003003
0000000000
,
0000202000
0000303000
0000000000
0200200000
0300300000
0000000000
0000101000
0000000000
0001010000
0000000000
0020000100
0000000000
0000000000
0000000000
0000000000
0000000000
,
0000000000
0000000000
0000000000
0000000000
0000000000
0000000200
0000000000
0000000000
,
0000000000
0000000000
0000000000
0000000000
0000000000
0000000000
0000000000
0000000000
0000000000
0000000000
0000100000
0000000000
0000000000
0000100000
0000000000
0000000000
,
0000100000
0000000000
0000010000
0000000000
0000010000
0000000000
0000010000
0000100000
0000010000
0000100000
0000010000
0000000000
0000000000
0000010000
0000000000
0000000000
,
0000010000
0000000000
0000100000
0000000000
0000100000
0030000300
0000100000
0000010000
0000100000
0000010000
0002000000
0000000000
0000000000
0000000000
0003010000
0000000000
,
0000000000
0000002000
0000000000
0000103000
0000000000
0000200000
0000000000
0000301000
,
0000000000
0000020000
0000000000
0001030000
0000000000
0001000000
0001000000
0000001000
,
0000001000
0000100000
0000100000
0000010000
0000010000
0000110000
0000110000
0000110000
,
0000110000
0000000000
0000110000
0000000000
0000000000
0000000000
0000110000
0000000000
0000110000
0000000000
0000000000
0000000000
0000220000
0000330000
0000000000
0000000000
0000100000
0000000000
0001000000
0000000000
0010000000
0000000000
0000100000
0000000000
0001000000
0000000000
0010000000
0000000000
0100000000
0000000000
1000000000
0000000000
,
0010000000
1000000000
0100000000
0010000000
1000000000
0100000000
0010000000
0001000000
0000100000
0000010000
0000001000
0000000100
0000010000
0000001000
0000000100
0000000010
,
0000000001
0000000100
0000000001
0000000010
0000000100
0000000001
0000000010
0000000100
0000001000
0000010000
0001000000
0000100000
0000001000
0000100000
0001000000
0000001000
,
0000010000
0001000000
0000100000
0000010000
0000001000
0000100000
0001000000
0000001000
0000010000
0000100000
0000010000
0000001000
0000100000
0000010000
0001000000
0000100000
,
0000010000
0000100000
0001000000
0000010000
0000100000
0000001000
0000010000
0000000100
0000001000
0000000000
0000000000
0000001100
0000000000
0000000000
0000001010
0000000000
,
0000000000
0000000110
0000000000
0000000000
0000000001
0000000100
0000010000
0000100000
0001000000
0000000000
0000000000
0011000000
0000000000
0000000000
0101000000
0000000000
,
0000000000
0110000000
0000000000
0000000000
1000000000
0010000000
0000100000
0000010000
0000001000
0000000000
0000000000
0000001100
0000000000
0000000000
0000001010
0000000000
,
0000000000
0000000110
0000000000
0000000000
0000000001
0000000100
0000010000
0000100000
0010000000
0000100000
0000001000
0001000000
0000100000
0000000100
0000010000
0001000000
,
0000001000
0000000100
0001000000
0000010000
0000001000
0001000000
0000100000
0000001000
0000010000
0000000000
0000000000
0000000000
0000000000
0000000000
0000000000
0000000000
,
0000000000
0000000000
0000000000
0000000000
0000220000
0000000000
0000330000
0000000000
0000020020
0000030030
0000000000
0002020000
0003030000
0000000000
2002000000
3003000000
,
0000000000
0002020000
0003030000
0000000000
0000000F00
00000F0000
000F000000
00F0000000
2200000000
0000000000
0000000000
0000000000
0000000000
0000000000
0000000000
0000000000
,
0000000000
0000000000
0000000000
0000000000
,
0000000000
0000000000
0000000000
0000000000
0000000000
0000000000
0000000000
3300000000
0000000000
0000000000
0000000000
0000000000
0000000000
0000000000
0000000000
0000000000
,
0000000000
0000000000
0000000000
0000000000
,
0000000000
0000000000
0000000000
0000110000
,
0000020020
0000030030
0000000000
0002020000
0003030000
0000000000
2002000000
3003000000
0000000000
0002020000
0003030000
0000000000
0000000100
0000010000
0001000000
0010000000
,
2200000000
0000000000
0000000000
0000000000
,
0000000000
0000000000
0000000000
0000000000
0000000000
0000000000
0000000000
0000000000
0000000000
0000000000
0000000000
0000000000
0000000000
0000000000
0000000000
3300000000
;