0000000000
0000000000
0000000000
0000000000
,
0000000000
0000000000
0000000000
0000000000
,
0000000000
0000000000
0000000000
0000000000
,
0000000000
0000000000
0000000000
0000000000
,
0000000000
0000100000
0000010000
0001000000
0000001000
0000100000
0001000000
0010000000
,
0010200000
0000300000
0002001000
0003000000
0000020100
0000030000
0000002000
0001003000
,
0000000000
0000000000
0000010000
0001000000
0000001000
0000000000
0000100000
0000000000
0001000000
0000000000
0010000000
0000000000
0000100000
0000000000
0001000000
0000000000
,
0000002000
0000000000
0000013000
0000000000
0000000000
0000000000
0000002000
0000003000
0002000000
0003000000
0000200000
0000300000
0000002000
0000003000
0000020000
0000000000
,
0000000000
0000030000
0000100000
0001000000
0010000000
0000000000
0000100000
0000000000
0001000000
0000000000
0000001000
0000000000
0000010000
0000000000
0000000100
0000000000
,
0000020100
0000030000
0002001000
0003000000
0010200000
0000300000
0002000000
0003001000
,
0000000000
0010000000
0001000000
0011000000
0000000000
0000000100
0000010000
0000010100
,
0000000000
0000000100
0000001000
0000001100
0000000000
0010000000
0000100000
0010100000
,
0200000000
0300000000
0002000000
0003000000
0020000000
0030000000
0000200000
0000000000
0001300000
0000000000
0000000000
0000000000
0000001000
0000020000
0000000000
0000000000
,
0000030100
0000000000
0000000000
0000000000
0001000000
0000200000
0000000000
0000000000
0010300000
0000000000
0000000000
0000000000
0000002000
0000003000
0000200000
0000300000
,
0000020000
0000030000
0000002000
0000003000
0000000200
0000000300
0000020000
0000000000
0000031000
0000000000
0000000000
0000000000
0001000000
0000200000
0000000000
0000000000
,
0010300000
0000000000
0000000000
0000000000
0000001000
0000020000
0000000000
0000000000
0000030100
0000000000
0000000000
0000000000
0002000000
0003000000
0000020000
0000030000
,
0000200000
0000300000
0002000000
0003000000
0020000000
0030000000
0000200000
0000000000
0001300000
0000000000
0000000000
0000000000
0000001000
0000020000
0000000000
0000000000
,
0000030001
0000000000
0000000000
0000000000
0001000000
0000200000
0000000000
0000000000
1000300000
0000000000
0000000000
0000000000
0000002000
0000003000
0000020000
0000030000
,
0000000200
0000000300
0000002000
0000003000
0000020000
0000030000
0002000000
0003000000
0000002000
0000003000
0000200000
0000000000
0000020000
0000000000
0000000000
0000000000
,
0000000000
0000000000
0000330000
0000110000
,
0001001000
0000000000
0000000000
0000101000
0000000000
0000000000
0000010010
0000000000
0000000000
0000101000
0000000000
0000000000
0001010000
0000000000
0000000000
0100100000
,
0000000000
0001010000
0000000000
0000101000
0001010000
0000000000
0000010000
0000100000
,
0001001000
0000000000
0000000000
0001010000
0000000000
0000000000
0100100000
0000000000
0000000000
0001010000
0000000000
0000000000
0000101000
0000000000
0000000000
0000000000
,
0000010010
0000000000
0000000000
0000101000
0000000000
0000000000
0001001000
0000000000
0000110000
0000000000
0000000000
0000000000
0000000000
0000000000
0010000000
0000000000
,
0000100000
0000000000
0001000000
0000001000
0000100000
0000010000
0000002000
0000003000
0000200000
0000000000
0000000000
0000300000
0002000000
0000000000
0000000000
0003000000
,
0000002000
0000003000
0000020000
0000030000
0002000000
0003000000
0000200000
0000300000
0000020000
0000000000
0000000000
0000030000
0000001000
0000000000
0000000100
0000000000
,
0000010000
0000000000
0000001000
0001000000
0000010000
0000100000
0002000000
0003000000
0000020000
0000000000
0000000000
0000030000
0000002000
0000000000
0000000000
0000003000
,
0002000000
0003000000
0000200000
0000300000
0000002000
0000003000
0000020000
0000000000
0000200000
0000000000
0000330000
0000000000
0000110000
0000000000
0000000000
0000000000
,
0010000100
0000000000
0000000000
0001010000
0000000000
0000000000
0100100000
0000000000
0000000000
0001010000
0000000000
0000000000
0000101000
0000000000
0000000000
0000010010
,
0000000000
0000101000
0000000000
0001010000
0000101000
0000000000
0000010000
0000100000
,
0010000100
0000000000
0000000000
0000101000
0000000000
0000000000
0000010010
0000000000
0000000000
0000101000
0000000000
0000000000
0001010000
0000000000
0000000000
0000000000
,
0100100000
0000000000
0000000000
0001010000
0000000000
0000000000
0001001000
0000000000
0000110000
0000000000
0000000000
0000000000
0002000000
0003000000
0000020000
0000030000
,
0000200000
0000300000
0001000000
0000010000
0000001000
0001000000
0000200000
0000300000
0000002000
0000000000
0000000000
0000003000
0000020000
0000000000
0000000000
0000030000
,
0000200000
0000300000
0002000000
0003000000
0020000000
0030000000
0000200000
0000300000
0002000000
0000000000
0000000000
0003000000
0000002000
0000003000
0000200000
0000300000
,
0000020000
0000030000
0000001000
0000100000
0001000000
0000001000
0000020000
0000030000
0002000000
0000000000
0000000000
0003000000
0000200000
0000000000
0000000000
0000300000
,
0000010000
0000001000
0000000100
0000010000
0000001000
0001000000
0000100000
0010000000
0000100000
0001000000
0000001000
0000010000
0000000100
0000001000
0000010000
0000100000
,
0002000000
0000000000
0000000000
0000000000
0000000000
0003000000
0200000000
0000000000
0000000000
0000000000
0000000000
0000000000
0000000000
0300000000
0000200000
0000000000
0000000000
0000300000
2000000000
0000000000
0000000000
0000000000
0000000000
0000000000
0000000000
3000000000
0020000000
0030000000
0000200000
0000300000
0000020000
0000000000
,
0000000000
0000000000
0000000000
0000000000
0000000000
0000030000
0000000200
0000000000
0000000000
0000000000
0000000000
0000000000
0000000000
0000000300
0000000002
0000000000
0000000000
0000000000
0000000000
0000000000
0000000000
0000000000
0000001003
0000000000
0000000000
0000000000
0000000002
0000000003
0000000200
0000000300
0000020000
0000000000
,
0000000000
0000000000
0000000000
0000000000
0000000000
0000030000
0000200000
0000000000
0000000000
0000300000
0020000000
0030000000
2000000000
3000000000
0000200000
0000000000
0000000000
0000000000
0000000000
0000000000
0000300000
0000000000
0000000000
0000000000
0020000000
0030000000
0002000000
0000000000
0000000000
0003000000
0000200000
0000000000
,
0000000000
0000300000
0000000200
0000000000
0000000000
0000000300
0000002000
0000003000
0000020000
0000030000
0002000000
0003000000
0000002000
0000003000
0000200000
0000000000
0000000000
0000000000
0000020000
0000000000
0000000000
0000000000
0000000000
0000000000
0000330000
0000000000
0000000000
0000000000
0000110000
0000000000
0000000000
0000000000
,
0000000000
0000000000
0001010000
0000000000
0000000000
1001000000
0000000000
0000000000
0100100000
0000000000
0000000000
0000101000
0000000000
0000000000
0001010000
0000000000
,
0000000000
0000010010
0000000000
0000000000
0000001001
0000000000
0000000000
0000000000
0000101000
0000000000
0001010000
0000000000
0000000000
0000000000
0000010000
0000000000
,
0000100000
0000000000
0000101000
0000000000
0000000000
0000001001
0000000000
0000000000
0000010010
0000000000
0000000000
0001010000
0000000000
0000000000
0000101000
0000000000
,
0000000000
0000000000
0100100000
0000000000
0000000000
1001000000
0000000000
0000000000
0001010000
0000000000
0000101000
0000000000
0000000000
0000000000
0002000000
0003000000
,
0000020000
0000030000
0000200000
0000300000
0001000000
0000010000
0000001000
0001000000
0000200000
0000300000
0000002000
0000000000
0000000000
0000003000
0000020000
0000000000
,
0000000000
0000030000
0000200000
0000300000
0002000000
0003000000
0020000000
0030000000
0000200000
0000300000
0002000000
0000000000
0000000000
0003000000
0000002000
0000003000
,
0000200000
0000300000
0000020000
0000030000
0000001000
0000100000
0001000000
0000001000
0000020000
0000030000
0002000000
0000000000
0000000000
0003000000
0000200000
0000000000
,
0000000000
0000300000
0000010000
0000001000
0000000100
0000010000
0000001000
0001000000
0000100000
0010000000
0001000000
0000100000
0001000000
0010000000
0000100000
0001000000
,
0000001000
0000010000
0000000200
0000000000
0000000000
0000000000
0000000000
0000000000
0000000000
0000000000
0020000000
0000000000
0000000300
0000000000
0000000000
0030000000
,
0000000000
0000000000
0100100000
0000000000
0000000000
1001000000
0000000000
0000000000
0001010000
0000000000
0000000000
0000000000
0000101000
0000000000
0001010000
0000000000
,
0000000000
0000000000
0020000000
0000000000
0000000000
0000000000
0000000000
0000000000
0000000000
0000000000
0000000200
0000000000
0030000000
0000000000
0000000000
0000000300
,
0000000000
0000000000
0000010010
0000000000
0000000000
0000001001
0000000000
0000000000
0000101000
0000000000
0000000000
0000000000
0001010000
0000000000
0000101000
0000000000
,
0000000000
0000000000
0000000200
0000000000
0000000000
0000000000
0000010000
0000000000
0000000000
0000000000
0020000000
0000000000
0000000300
0000000000
0000000000
0030000000
,
0000000000
0000000000
0100100000
0000000000
0000000000
1001000000
0000000000
0000000000
0001010000
0000000000
0000000000
0000000000
0000101000
0000000000
0010000100
0000000000
,
0000000000
0000000000
0020000000
0000000000
0000000000
0000000000
0000100000
0000000000
0000000000
0000000000
0000000200
0000000000
0030000000
0000000000
0000000000
0000000300
,
0000000000
0000000000
0000010010
0000000000
0000000000
0000001001
0000000000
0000000000
0000101000
0000000000
0000000000
0000000000
0001010000
0000000000
0020000200
0000000000
,
0000000000
0000000000
0000000000
0000000000
0000000000
0000000000
0000000000
0000000000
0000000000
0030000300
0000000000
0000000000
0000000000
0000000000
0000000000
0000000000
0000000000
0000000000
0000000000
0000000000
0000000000
0000000000
0000000000
0000000000
0000000000
0000000000
0000000000
0000000000
0000000000
0000000000
0000000000
0000000000
;