0000000000
0000000000
0000000000
0000000000
,
0000000000
0000000000
0000000000
0000000000
,
0000110000
0000000000
0001001000
0000000000
,
0010000100
0000000000
0000000000
0000000000
0000110000
0000000000
0020000200
0030000300
,
0010000000
0000000000
0000000100
0000001000
0000010000
0000000000
0001000000
0000000000
0000001000
0000000000
0000100000
0000000000
0001000000
0010000000
0000100000
0001000000
,
0000010000
0000000000
0001000000
0000100000
0010000000
0000000000
0001000000
0000000000
0000100000
0000000000
0000010000
0000000000
0000011000
0000000000
0000001100
0000000000
,
0000010100
0000000000
0000010000
0000000100
0000001000
0000000000
0000010000
0000000000
0001000000
0000000000
0000001000
0000000000
0000100000
0001000000
0010000000
0000100000
,
0001000000
0000001000
0000010000
0001000000
0000100000
0000000100
0010000000
0000010000
,
0000000000
0000000000
0000000000
0000000000
0000000000
0000000000
0000010000
0000100000
,
0000000200
0000000000
0000000300
0000000000
0000002000
0000000000
0000003000
0000000010
0000000100
0000000000
0000000001
0000000000
0000010000
0000000100
0000001000
0000000000
,
0000010000
0000000000
0000001000
0000000000
0000000100
0000010000
0000001000
0000000000
0000100000
0000000000
0000010000
0000000000
0010000000
0000000000
0000100000
1000000000
,
0020000000
0000000000
0030000000
0000000000
1010000000
0000000000
0001000000
0000000000
0100000000
0000000000
0010000000
1000000000
0000100000
0000000000
0010000000
0000000000
,
0001000000
0000000000
0000100000
0000000000
0000010000
0000000000
0001000000
0000001000
0000000000
0000001000
0000100000
0000000000
0000000100
0000001000
0000010000
0000100000
,
0002000000
0000000000
0003000000
0000000000
0011000000
0000000000
0001000000
0000000000
0100000000
0010000000
1000000000
0000000000
0000100000
0000000000
0010000000
0000000000
,
0000100000
0001000000
0000001000
0000000000
0000010000
0000000000
0000000100
0000000000
0000002000
0000000000
0000000000
0000003000
0000000002
0000000003
0000000200
0000000300
,
0000000010
0000000000
0000001000
0000000000
0000000100
0000000000
0000010000
0000001000
0000000000
0000010000
0000000100
0000000000
0000001000
0000010000
0000100000
0001000000
,
0010000000
0000000000
0000100000
0000000000
0001000000
0000000000
0000002000
0000200000
0000000000
0000000000
0000000000
0000000000
0000000000
0000000000
0000000000
0000003000
,
0000000000
0000000000
0000000000
0000000000
0000000000
0000000000
0000000000
0000000000
0000300000
0000000000
0000000000
0000000000
0000001000
0001000000
0000001000
0001000000
,
0000100000
0000000000
0010000000
0001000000
0000000000
0000000000
0100000000
0000000000
0010000000
0000000000
1000000000
0000000000
0000100000
0000000000
0010000000
0000000000
,
0001000000
0000000000
0000100000
0000010000
0000000000
0000000000
0000100000
0000000000
0001000000
0000000000
0010000000
0000000000
0000100000
0000000000
0000000000
0000000000
,
0002200000
0000000000
0003300000
0000000000
0002002000
0000000000
0003003000
0000000000
0000022000
0000033000
0000000000
0000020200
0000030300
0000000000
0000010001
0000000000
,
0000000100
0000000000
0000000010
0000000000
0000001000
0000000000
0000000100
0000001000
0000000000
0000000010
0000001000
0000000000
0000000100
0000001000
0000000010
0000000100
,
0000000001
0000000000
0000010000
0000000000
0000001000
0000000000
0001000000
0000100000
0000000000
0010000000
0001000000
0000000000
0100000000
0000000000
0010000000
0000000000
,
1000000000
0000000000
0000100000
0000000000
0010000000
0000000000
0001000000
0000100000
0000000000
0000010000
0000001000
0000000000
0000000100
0000010000
0000001000
0000100000
,
0000010000
0000000000
0001000000
0000100000
0000000000
0000000000
0010000000
0000000000
0002000000
0003000000
0000100000
0001000000
0010000000
0000100000
0001000000
0000001000
,
0000200000
0000000000
0000000000
0000000000
0000000000
0000000000
0000000000
0000000000
0000000000
0000000000
0000000000
0000300000
0000000000
0000000000
0000000000
0000000000
,
0010000100
0000000000
0000000000
0000000000
0000000000
0000000000
0000000000
0000000000
0000000000
0000000000
0000000000
0000000000
0000010000
0000100000
0000010000
0000100000
,
0000000100
0000000000
0000001000
0000000010
0000000000
0000000000
0000000100
0000000000
0000000001
0000010000
0000000100
0000001000
0000010000
0001000000
0000001000
0000100000
,
0000202000
0000000000
0000303000
0000000000
0000220000
0000000000
0000330000
0000000000
0001010000
0000000000
0001000000
0000010000
0000100000
0001000000
0010000000
0000100000
,
1000000000
0000000000
0010000000
1000000000
0000000000
0000000000
0000100000
0010000000
0001000000
0000000000
0100000000
0001000000
0000000000
0000000000
0010000000
0000100000
,
0002000000
0003000000
0000002000
0000003000
0000010000
0001000000
0000100000
0000010000
0000002000
0000000000
0000000000
0000003100
0000000000
0000000000
0000000000
0000000000
,
0000010000
0000000000
0000000100
0000001000
0000000000
0000000000
0000000010
0000000000
0000000100
0000000001
0000010000
0000000100
0000001000
0000010000
0000100000
0001000000
,
0022000000
0000000000
0033000000
0000000000
0020200000
0000000000
0030300000
0000000000
1000100000
0000000000
0010000000
0100000000
0001000000
0010000000
0000100000
1000000000
,
0020000000
0030000000
0100000000
0001000000
0010000000
0000100000
0002000000
0003000000
0000002000
0000003000
0000010000
0000000100
0000001000
0000010000
0000100000
0001000000
,
0020000000
0000000000
0000000000
0000000000
0000000000
0000000000
0000000000
0000000000
0000000000
0000000000
0000000000
0030000000
0000000000
0000000000
0000000000
0000000000
,
0000000100
0000000000
0000001000
0000010000
0001000000
0000000000
0000001000
0000000000
0000100000
0000000000
0001000000
0000000000
0010000000
0000000000
0000100000
0000000000
,
0010100000
0000000000
0010000000
0000100000
0001000000
0000000000
0000001000
0000000000
0000010000
0000000000
0001000000
0000000000
0001010000
0000000000
0000011000
0000000000
,
0000010100
0000000000
0000010000
0000000100
0000001000
0000000000
0000010000
0000000000
0001000000
0000000000
0000001000
0000000000
0000100000
0001000000
0010000000
0000100000
,
0001000000
0000001000
0000010000
0000000100
0000001000
0000010000
0000100000
0001000000
0010000000
0000100000
0001000000
0000001000
0000010000
0001000000
0000100000
0000010000
,
0000002000
0000000000
0000000000
0000000000
0000000000
0000000000
0000000000
0000003000
0000000000
0000000000
0000000000
0000000000
0000000000
0000000000
0000000000
0000000000
;